yyyy doy mn dd    MJD nGTImax
2018 003 01 03  58121       8
nGTI         UTC1         UTC2         sod1         sod2        TDBstart          TDBend         MJDtdbStart           MJDtdbEnd     duration_sec       accum_sec
   0 090000.00000 093857.99999  32400.00000  34737.99999    32937.287376    35275.214595  58121.381218603891  58121.408277946701      2336.927229     2336.927229
   1 093911.00000 094714.99999  34751.00000  35234.99999    35288.214168    35772.199076  58121.408428404723  58121.414030081907       482.984918     2819.912148
   2 095303.00000 101222.99999  35583.00000  36742.99999    36120.188179    37280.151885  58121.418057733555  58121.431483239411      1158.963716     3978.875864
   3 101626.00000 104054.99999  36986.00000  38454.99999    37523.144244    38992.098104  58121.434295650970  58121.451297431757      1467.953870     5446.829734
   4 104405.00000 111929.99999  38645.00000  40769.99999    39182.092100    41307.024995  58121.453496436339  58121.478090567066      2123.932905     7570.762639
   5 112533.00000 113951.99999  41133.00000  41991.99999    41670.013467    42528.986210  58121.482291822528  58121.492233636698       857.972754     8428.735393
   6 114309.00000 115733.99999  42189.00000  43053.99999    42725.979923    43590.952389  58121.494513656512  58121.504524911910       863.972477     9292.707870
   7 120041.00000 142958.99999  43241.00000  52198.99999    43777.946401    52735.656434  58121.506689194458  58121.610366393920      8956.710043    18249.417913
   8 143020.00000 162958.99999  52220.00000  59398.99999    52756.655722    59935.417560  58121.610609441229  58121.693696962496      7177.761848    25427.179761
