yyyy doy mn dd    MJD                 P0ms           Pdot0                  nu0            nudot0_15       tJPLms        SNthr 
2018 003 01 03  58121     33.7439688099380   4.210078E-013     29.6349254479363        -369741.19608      20.5276         5.5 
nGRPmax
    534
 nGRP  nORG  NSEQpulse        TDBsec                  MJD   peakSN    sumSN  Nsubpulse        phase       UThhmmss          UTsec
    0     0     976449  32949.305347  58121.3813577007740     6.51    10.82          3      0.39847   90012.062014   32412.062015
    1     1     977009  32968.202315  58121.3815764156800     6.28     6.28          1      0.40847   90030.959569   32430.959570
    2     2     977526  32985.647803  58121.3817783310460    27.82    33.09          2      0.40400   90048.405599   32448.405600
    3     3     982022  33137.360857  58121.3835342691840    14.56    16.77          2      0.40722   90320.123370   32600.123370
    4     4     982992  33170.092500  58121.3839131076350     7.83    10.42          2      0.40658   90352.856029   32632.856030
    5     5     984362  33216.321493  58121.3844481654270     6.86    12.10          4      0.39878   90439.086459   32679.086460
    6     6     987168  33311.007454  58121.3855440677630    12.59    17.73          3      0.40903   90613.775365   32773.775365
    7     7     991301  33450.471197  58121.3871582314500   124.28   136.66          3      0.40492   90833.243445   32913.243445
    8     8     992141  33478.816110  58121.3874862975740    22.32    28.85          3      0.40397   90901.589240   32941.589240
    9     9     992294  33483.978855  58121.3875460515580     9.42    11.84          2      0.40144   90906.752144   32946.752145
   10    10     993708  33531.693056  58121.3880982992510    85.33   104.44          4      0.40764   90954.467830   32994.467830
   11    11     995566  33594.389365  58121.3888239509890     6.79     9.10          2      0.40733   91057.166089   33057.166090
   12    12     996319  33619.798000  58121.3891180324100     5.55     5.61          2      0.39000   91122.575514   33082.575515
   13    13     996690  33632.317675  58121.3892629360510     5.57     6.99          2      0.40950   91135.095580   33095.095580
   14    14     996948  33641.023349  58121.3893636961660    10.44    10.68          2      0.40139   91143.801525   33103.801525
   15    15     998023  33677.298216  58121.3897835441660     6.91     9.32          2      0.40392   91220.077519   33140.077520
   16    16     998785  33703.011246  58121.3900811486850     8.74     8.74          1      0.40731   91245.791349   33165.791350
   17    17    1007367  33992.602003  58121.3934328935550    18.01    21.97          2      0.40419   91735.391120   33455.391120
   18    18    1007789  34006.841724  58121.3935977051390     9.88    14.81          3      0.39708   91749.631285   33469.631285
   19    19    1008230  34021.722881  58121.3937699407490     6.88     7.31          2      0.39889   91804.512905   33484.512905
   20    20    1009697  34071.225220  58121.3943428844930     5.91     8.40          2      0.39636   91854.016784   33534.016785
   21    21    1010050  34083.136964  58121.3944807518980     9.30    19.45          5      0.39986   91905.928899   33545.928900
   22    22    1011627  34136.351422  58121.3950966599810    17.90    19.19          2      0.40569   91959.145015   33599.145015
   23    23    1014899  34246.761569  58121.3963745552000     7.39     9.78          2      0.40075   92149.558599   33709.558600
   24    24    1015021  34250.878470  58121.3964222045060    12.96    15.68          2      0.40478   92153.675629   33713.675630
   25    25    1018788  34377.992231  58121.3978934285950    61.68    71.23          3      0.40997   92400.793349   33840.793350
   26    26    1020219  34426.279861  58121.3984523132030    17.55    19.67          2      0.40969   92449.082484   33889.082485
   27    27    1024993  34587.373066  58121.4003168178940     5.61    10.85          3      0.39278   92730.180710   34050.180710
   28    28    1025716  34611.770346  58121.4005991938180    26.78    38.18          3      0.40403   92754.578750   34074.578750
   29    29    1026027  34622.264684  58121.4007206560640    15.29    19.55          2      0.40281   92805.073414   34085.073415
   30    30    1026736  34646.189243  58121.4009975606780     8.43    11.06          2      0.40503   92828.998720   34108.998720
   31    31    1028361  34701.023079  58121.4016322115580     5.91     5.91          1      0.40094   92923.834264   34163.834265
   32    32    1028571  34708.109423  58121.4017142294270     5.57     5.58          2      0.40414   92930.920830   34170.920830
   33    33    1028907  34719.447209  58121.4018454538110     6.61    15.30          4      0.39847   92942.258970   34182.258970
   34    34    1031454  34805.393255  58121.4028401997180     6.19    10.77          3      0.40200   93108.207694   34268.207695
   35    35    1034529  34909.155834  58121.4040411554940     8.59     8.59          1      0.39697   93251.973510   34371.973510
   36    36    1034695  34914.757454  58121.4041059890560    26.63    29.21          2      0.40050   93257.575304   34377.575305
   37    37    1035061  34927.107809  58121.4042489329790    77.32    85.08          2      0.40219   93309.926045   34389.926045
   38    38    1036824  34986.598309  58121.4049374804350     7.66     7.66          1      0.39794   93409.418400   34449.418400
   39    39    1043233  35202.863562  58121.4074405504900     8.02    17.66          4      0.39978   93745.690399   34665.690400
   40    40    1043904  35225.506095  58121.4077026168320     7.94     7.94          1      0.40928   93808.333639   34688.333640
   41    41    1044154  35233.942012  58121.4078002547710    51.08    58.26          3      0.40692   93816.769820   34696.769820
   42    42    1044407  35242.479205  58121.4078990648700     8.64    14.64          3      0.40592   93825.307280   34705.307280
   43    43    1046899  35326.569236  58121.4088723291260     6.61     6.61          1      0.40658   93949.399935   34789.399935
   44    44    1047824  35357.782347  58121.4092335919740    27.71    31.15          3      0.40439   94020.614020   34820.614020
   45    45    1048343  35375.295400  58121.4094362893570     5.54     7.66          2      0.40219   94038.127619   34838.127620
   46    46    1049284  35407.048629  58121.4098038035710     5.65     5.65          1      0.40633   94109.881840   34869.881840
   47    47    1049932  35428.914601  58121.4100568819580     5.61     5.61          1      0.40253   94131.748494   34891.748495
   48    48    1050781  35457.563147  58121.4103884623490     5.74     5.74          1      0.39967   94200.397935   34920.397935
   49    49    1051545  35483.343827  58121.4106868498430     8.15     8.15          1      0.40786   94226.179420   34946.179420
   50    50    1051648  35486.819503  58121.4107270775810     6.19     6.19          1      0.40922   94229.655205   34949.655205
   51    51    1055562  35618.893409  58121.4122557107580     9.93    13.62          3      0.40783   94441.733234   35081.733235
   52    52    1056589  35653.548206  58121.4126568079360     7.55    10.63          2      0.39972   94516.389114   35116.389115
   53    53    1057547  35685.875077  58121.4130309615490     6.90     6.90          1      0.40367   94548.716995   35148.716995
   54    54    1057577  35686.887525  58121.4130426796930    11.52    15.20          2      0.40750   94549.729475   35149.729475
   55    55    1057668  35689.957874  58121.4130782161410    11.47    13.29          2      0.39703   94552.799919   35152.799920
   56    56    1071937  36171.451116  58121.4186510545790     5.73     7.14          2      0.40694   95354.308210   35634.308210
   57    57    1072094  36176.748700  58121.4187123692160    10.65    11.98          2      0.40039   95359.605960   35639.605960
   58    58    1073488  36223.787914  58121.4192568045570    38.89    46.36          4      0.40336   95446.646645   35686.646645
   59    59    1074209  36248.117273  58121.4195383943680     5.62     5.62          1      0.40178   95510.976764   35710.976765
   60    60    1074494  36257.734493  58121.4196497047810     7.19     7.19          1      0.40722   95520.594284   35720.594285
   61    61    1077716  36366.457327  58121.4209080709120     8.30     8.30          1      0.39886   95709.320520   35829.320520
   62    62    1078312  36386.568653  58121.4211408408830    11.61    16.08          3      0.39622   95729.432475   35849.432475
   63    63    1078346  36387.716357  58121.4211541245060    50.97    61.17          3      0.40833   95730.580215   35850.580215
   64    64    1079398  36423.214896  58121.4215649872260    10.05    11.92          2      0.40442   95806.079864   35886.079865
   65    65    1080159  36448.893828  58121.4218621970820     6.55     6.55          1      0.39731   95831.759599   35911.759600
   66    66    1080167  36449.164019  58121.4218653242880    65.78    77.00          4      0.40442   95832.029799   35912.029800
   67    67    1081384  36490.230089  58121.4223406260220    15.56    18.68          2      0.39378   95913.097155   35953.097155
   68    68    1081756  36502.783086  58121.4224859153540     5.90     5.90          1      0.40075   95925.650544   35965.650545
   69    69    1082501  36527.922475  58121.4227768804990    14.57    21.52          3      0.40431   95950.790719   35990.790720
   70    70    1082679  36533.928842  58121.4228463986300     9.56    13.72          2      0.40244   95956.797274   35996.797275
   71    71    1083211  36551.880595  58121.4230541735550     6.24     6.54          2      0.40108  100014.749589   36014.749590
   72    72    1083360  36556.908817  58121.4231123705730     5.54     5.54          1      0.41203  100019.777970   36019.777970
   73    73    1085667  36634.756091  58121.4240133806850    26.47    29.89          3      0.40911  100137.627679   36097.627680
   74    74    1086872  36675.417508  58121.4244839989380    23.23    27.10          3      0.40661  100218.290370   36138.290370
   75    75    1087609  36700.286540  58121.4247718349570    38.85    43.61          2      0.39817  100243.160179   36163.160180
   76    76    1089017  36747.798387  58121.4253217405950     7.59     9.60          2      0.40758  100330.673515   36210.673515
   77    77    1089549  36765.749990  58121.4255295137660    11.73    16.68          3      0.40175  100348.625679   36228.625680
   78    78    1090873  36810.427071  58121.4260466096130     8.96     8.96          1      0.40311  100433.304159   36273.304160
   79    79    1091895  36844.913496  58121.4264457580540     7.19    10.69          2      0.40528  100507.791664   36307.791665
   80    80    1092189  36854.834405  58121.4265605833980    13.23    19.54          2      0.41056  100517.712885   36317.712885
   81    81    1093091  36885.271232  58121.4269128614780     6.19     6.19          1      0.40322  100548.150665   36348.150665
   82    82    1093130  36886.587216  58121.4269280927740     9.62    12.80          3      0.40231  100549.466690   36349.466690
   83    83    1094482  36932.209262  58121.4274561257220    37.70    54.36          4      0.40761  100635.090165   36395.090165
   84    84    1094993  36949.452417  58121.4276556992640     5.81    11.05          3      0.40697  100652.333859   36412.333860
   85    85    1095032  36950.768750  58121.4276709346050     5.52     5.52          1      0.41642  100653.650235   36413.650235
   86    86    1095177  36955.661197  58121.4277275601540    30.30    33.94          2      0.40364  100658.542835   36418.542835
   87    87    1096988  37016.771693  58121.4284348575620    13.65    18.38          3      0.40778  100759.655245   36479.655245
   88    88    1097984  37050.380640  58121.4288238499970     8.66     8.66          1      0.40597  100833.265245   36513.265245
   89    89    1098783  37077.341885  58121.4291359014400     7.54     7.56          2      0.40008  100900.227335   36540.227335
   90    90    1099785  37111.153290  58121.4295272371580     5.81     9.82          3      0.39811  100934.039799   36574.039800
   91    91    1100132  37122.862329  58121.4296627584380     5.72     5.72          1      0.39442  100945.749205   36585.749205
   92    92    1100238  37126.439186  58121.4297041572480     6.77     9.22          2      0.39428  100949.326175   36589.326175
   93    93    1100875  37147.934488  58121.4299529454720     5.64     6.75          2      0.40564  101010.822149   36610.822150
   94    94    1101792  37178.877393  58121.4303110809340    18.60    20.87          2      0.39592  101041.766024   36641.766025
   95    95    1102358  37197.976674  58121.4305321374340     7.11     9.41          2      0.40142  101100.865904   36660.865905
   96    96    1102487  37202.329543  58121.4305825178620    13.35    17.71          3      0.39831  101105.218910   36665.218910
   97    97    1102601  37206.176512  58121.4306270429700     5.72     7.76          2      0.40289  101109.065999   36669.066000
   98    98    1113211  37564.200061  58121.4347708340480    13.99    15.63          2      0.39911  101707.100774   37027.100775
   99    99    1115658  37646.771850  58121.4357265260420     5.85     6.92          2      0.40678  101829.675154   37109.675155
  100   100    1116824  37686.117136  58121.4361819112960     8.09    10.40          2      0.40083  101909.021675   37149.021675
  101   101    1117254  37700.627195  58121.4363498517890    11.24    18.76          3      0.40517  101923.532189   37163.532190
  102   102    1119677  37782.388844  58121.4372961671810     7.53     7.90          2      0.40442  102045.296405   37245.296405
  103   103    1122386  37873.801275  58121.4383541814270    18.14    18.14          1      0.40369  102216.711705   37336.711705
  104   104    1123533  37912.505410  58121.4388021459580    35.79    40.27          2      0.39731  102255.417054   37375.417055
  105   105    1125922  37993.120003  58121.4397351852160     7.09     7.09          1      0.40364  102416.034180   37456.034180
  106   106    1126413  38009.688348  58121.4399269484670    34.31    40.97          3      0.40506  102432.603045   37472.603045
  107   107    1128785  38089.729069  58121.4408533457020    27.62    30.53          2      0.40475  102552.646280   37552.646280
  108   108    1128920  38094.284461  58121.4409060701570     6.02     6.02          1      0.40339  102557.201815   37557.201815
  109   109    1131772  38190.522343  58121.4420199345280    12.22    18.19          3      0.40447  102733.442719   37653.442720
  110   110    1132307  38208.575430  58121.4422288822910     7.16     7.16          1      0.40614  102751.496375   37671.496375
  111   111    1132394  38211.510958  58121.4422628583170    15.68    26.79          2      0.40022  102754.431994   37674.431995
  112   112    1133551  38250.552881  58121.4427147324160    15.06    34.38          6      0.40417  102833.475144   37713.475145
  113   113    1134218  38273.060284  58121.4429752347780     6.47     6.47          1      0.40906  102855.983254   37735.983255
  114   114    1139327  38445.458075  58121.4449705795710     6.75     6.75          1      0.40228  103148.386465   37908.386465
  115   115    1140764  38493.948141  58121.4455318071810     6.87     6.87          1      0.40108  103236.878055   37956.878055
  116   116    1141312  38512.439919  58121.4457458323970     5.84     7.89          2      0.40328  103255.370414   37975.370415
  117   117    1144700  38626.764474  58121.4470690332670    24.04    26.64          2      0.40131  103449.698564   38089.698565
  118   118    1145269  38645.964815  58121.4472912594300     9.10     9.29          2      0.40172  103508.899510   38108.899510
  119   119    1145321  38647.719660  58121.4473115701380    11.12    13.53          2      0.40639  103510.654410   38110.654410
  120   120    1145802  38663.950364  58121.4474994255100     5.68     8.95          2      0.40186  103526.885625   38126.885625
  121   121    1148930  38769.501583  58121.4487210831360   133.77   146.58          3      0.40286  103712.440164   38232.440165
  122   122    1150467  38821.365946  58121.4493213651200     7.90     8.37          2      0.39867  103804.306160   38284.306160
  123   123    1150561  38824.537982  58121.4493580785020    12.13    14.25          2      0.40164  103807.478295   38287.478295
  124   124    1152466  38888.819898  58121.4501020821500     5.59     7.67          2      0.39053  103911.762235   38351.762235
  125   125    1153729  38931.438977  58121.4505953585280    11.33    20.43          3      0.40314  103954.382655   38394.382655
  126   126    1161305  39187.083432  58121.4535542063870    21.95    23.41          2      0.40381  104410.035159   38650.035160
  127   127    1162574  39229.904553  58121.4540498212100    20.70    25.63          2      0.40392  104452.857629   38692.857630
  128   128    1162770  39236.518380  58121.4541263701380    18.12    18.41          2      0.40408  104459.471664   38699.471665
  129   129    1162836  39238.745580  58121.4541521479170    11.50    12.67          2      0.40694  104501.698935   38701.698935
  130   130    1164235  39285.953162  58121.4546985319680     6.66     9.00          2      0.39944  104548.908004   38748.908005
  131   131    1164503  39294.996797  58121.4548032036740    21.05    32.32          3      0.40678  104557.951925   38757.951925
  132   132    1165688  39334.983422  58121.4552660118270     5.67     8.23          2      0.40683  104637.939810   38797.939810
  133   133    1165876  39341.327252  58121.4553394357890    20.01    24.23          3      0.40569  104644.283839   38804.283840
  134   134    1170702  39504.175845  58121.4572242574590    12.39    12.39          1      0.40919  104927.137564   38967.137565
  135   135    1170933  39511.970509  58121.4573144734850     6.01     6.01          1      0.40339  104934.932475   38974.932475
  136   136    1171869  39543.554638  58121.4576800305280     6.82    11.58          3      0.39622  105006.517599   39006.517600
  137   137    1173571  39600.986932  58121.4583447561600    51.30    56.29          3      0.39714  105103.951704   39063.951705
  138   138    1175028  39650.152182  58121.4589137984000     7.15     9.49          2      0.40492  105153.118504   39113.118505
  139   139    1175225  39656.799677  58121.4589907369980     9.69    16.44          3      0.40286  105159.766210   39119.766210
  140   140    1175801  39676.236159  58121.4592156962820     5.61     9.01          2      0.40128  105219.203305   39139.203305
  141   141    1178241  39758.571472  58121.4601686513020    43.91    69.23          6      0.40092  105341.541214   39221.541215
  142   142    1178303  39760.663526  58121.4601928648830    17.47    21.60          3      0.39875  105343.633334   39223.633335
  143   143    1180427  39832.336070  58121.4610224082180    10.23    11.52          2      0.40819  105455.308140   39295.308140
  144   144    1180443  39832.876023  58121.4610286576770    55.04    63.18          3      0.40964  105455.848109   39295.848110
  145   145    1180933  39849.410176  58121.4612200251900     7.59    13.46          3      0.39781  105512.382785   39312.382785
  146   146    1181766  39877.519139  58121.4615453604100    11.84    14.42          2      0.40442  105540.492635   39340.492635
  147   147    1181948  39883.660415  58121.4616164399870     6.64     8.70          2      0.40058  105546.634104   39346.634105
  148   148    1183182  39925.300731  58121.4620983880830     6.86    17.69          4      0.40761  105628.275735   39388.275735
  149   149    1183650  39941.092702  58121.4622811655300     8.19    12.44          2      0.40128  105644.068205   39404.068205
  150   150    1183802  39946.222011  58121.4623405325310    11.72    11.72          1      0.40789  105649.197675   39409.197675
  151   151    1184225  39960.495500  58121.4625057349500     7.87    16.91          5      0.40147  105703.471615   39423.471615
  152   152    1184330  39964.038628  58121.4625467433860    10.43    10.45          2      0.40175  105707.014855   39427.014855
  153   153    1184679  39975.815361  58121.4626830481540     5.81     8.02          2      0.40419  105718.791960   39438.791960
  154   154    1184784  39979.358265  58121.4627240539900     7.36    15.20          4      0.39781  105722.334974   39442.334975
  155   155    1185059  39988.637812  58121.4628314561540    14.29    15.04          2      0.39636  105731.614815   39451.614815
  156   156    1185104  39990.156669  58121.4628490355200     6.50     6.69          2      0.40756  105733.133719   39453.133720
  157   157    1185189  39993.024733  58121.4628822307070     8.45     9.38          2      0.40239  105736.001875   39456.001875
  158   158    1185664  40009.053242  58121.4630677458560     5.91     5.91          1      0.40581  105752.030890   39472.030890
  159   159    1187250  40062.570798  58121.4636871620220     9.28    11.39          2      0.39378  105845.550134   39525.550135
  160   160    1187930  40085.516833  58121.4639527411200     5.59     5.59          1      0.39750  105908.496894   39548.496895
  161   161    1188542  40106.168131  58121.4641917607680     9.25    12.95          3      0.39686  105929.148845   39569.148845
  162   162    1190773  40181.451243  58121.4650630930940    13.38    13.69          2      0.40517  110044.434334   39644.434335
  163   163    1191161  40194.544085  58121.4652146306050     5.93     5.93          1      0.41036  110057.527589   39657.527590
  164   164    1191264  40198.019540  58121.4652548557820     8.57     9.92          2      0.40517  110101.003154   39661.003155
  165   165    1191670  40211.719572  58121.4654134209660     5.54     7.55          2      0.40439  110114.703620   39674.703620
  166   166    1192028  40223.799841  58121.4655532388990     6.17    11.88          3      0.40208  110126.784269   39686.784270
  167   167    1193006  40256.801568  58121.4659352033280     8.69     8.89          2      0.40531  110159.787040   39719.787040
  168   168    1193715  40280.726038  58121.4662121069180     6.27     8.40          2      0.40483  110223.712265   39743.712265
  169   169    1194472  40306.270341  58121.4665077585790     5.94     7.67          2      0.40794  110249.257375   39769.257375
  170   170    1195713  40348.146547  58121.4669924368900     6.21     6.21          1      0.40561  110331.134904   39811.134905
  171   171    1197791  40418.266537  58121.4678040108540     9.51    18.09          4      0.40519  110441.257109   39881.257110
  172   172    1199574  40478.432105  58121.4685003715840     6.78     9.06          2      0.40644  110541.424579   39941.424580
  173   173    1200687  40515.989093  58121.4689350589440     6.57     7.14          2      0.40442  110618.982754   39978.982755
  174   174    1201375  40539.205044  58121.4692037620860     5.54     5.54          1      0.40703  110642.199439   40002.199440
  175   175    1202240  40568.393606  58121.4695415926660     6.62     6.62          1      0.40747  110711.388924   40031.388925
  176   176    1202418  40574.399941  58121.4696111104260     6.87     6.87          1      0.40467  110717.395450   40037.395450
  177   177    1206156  40700.535047  58121.4710710074880     6.54     7.91          2      0.40722  110923.534545   40163.534545
  178   178    1206250  40703.706547  58121.4711077146620     6.89     6.89          1      0.39433  110926.706144   40166.706145
  179   179    1206838  40723.548434  58121.4713373661310     8.50    10.22          2      0.40689  110946.548660   40186.548660
  180   180    1207995  40762.590069  58121.4717892369020    33.42    48.81          4      0.40225  111025.591529   40225.591530
  181   181    1208363  40775.007756  58121.4719329601410     6.71    10.96          2      0.39931  111038.009610   40238.009610
  182   182    1208513  40780.069626  58121.4719915465980     7.48    10.04          2      0.40736  111043.071640   40243.071640
  183   183    1209103  40799.978366  58121.4722219718270    16.35    23.98          4      0.40108  111102.981010   40262.981010
  184   184    1210162  40835.713406  58121.4726355718270    54.00    61.92          2      0.40578  111138.717179   40298.717180
  185   185    1210805  40857.410829  58121.4728866994180    12.32    17.16          3      0.40697  111200.415289   40320.415290
  186   186    1212800  40924.729984  58121.4736658562940     6.69     7.13          2      0.40408  111307.736575   40387.736575
  187   187    1214179  40971.262821  58121.4742044307970    11.50    21.19          3      0.40056  111354.270884   40434.270885
  188   188    1214522  40982.836970  58121.4743383908610     5.60     7.10          2      0.39939  111405.845399   40445.845400
  189   189    1217062  41068.546876  58121.4753304036610   109.79   122.16          3      0.40478  111531.558019   40531.558020
  190   190    1217735  41091.256112  58121.4755932420350     5.76    11.18          3      0.39097  111554.267975   40554.267975
  191   191    1218043  41101.649583  58121.4757135368450     6.67     6.67          1      0.40053  111604.661775   40564.661775
  192   192    1221053  41203.218991  58121.4768891086980    80.33    96.28          4      0.40083  111746.234400   40666.234400
  193   193    1222566  41254.273394  58121.4774800161280    20.21    25.90          3      0.39347  111837.290419   40717.290420
  194   194    1234947  41672.057971  58121.4823154857730     5.69    12.75          4      0.40186  112535.088239   41135.088240
  195   195    1236588  41727.431970  58121.4829563885440     6.87     9.15          2      0.40533  112630.463994   41190.463995
  196   196    1237191  41747.779434  58121.4831918915970     6.89     8.74          2      0.40061  112650.812104   41210.812105
  197   197    1238164  41780.612568  58121.4835719047170    28.74    34.19          2      0.40756  112723.646280   41243.646280
  198   198    1239659  41831.059837  58121.4841557851520     8.35    13.80          3      0.40786  112814.095150   41294.095150
  199   199    1242316  41920.717177  58121.4851934858500    12.50    22.50          5      0.39506  112943.755335   41383.755335
  200   200    1243760  41969.443625  58121.4857574493700     5.58     9.82          3      0.39894  113032.483330   41432.483330
  201   201    1244387  41990.601378  58121.4860023307650    46.90    51.34          2      0.40706  113053.641754   41453.641755
  202   202    1244731  42002.209150  58121.4861366799740   377.44   449.44          4      0.40233  113105.249895   41465.249895
  203   203    1244742  42002.580208  58121.4861409746300     7.54     7.54          1      0.39861  113105.620965   41465.620965
  204   204    1245318  42022.016861  58121.4863659358850     8.27    10.41          2      0.40206  113125.058234   41485.058235
  205   205    1253880  42310.933019  58121.4897098729090     8.89     8.89          1      0.40636  113613.983569   41773.983570
  206   206    1254650  42336.915834  58121.4900105999360     9.00    11.36          2      0.40472  113639.967210   41799.967210
  207   207    1256262  42391.311275  58121.4906401767940     6.62     6.62          1      0.40872  113734.364379   41854.364380
  208   208    1257162  42421.680670  58121.4909916744190    15.02    16.52          2      0.40300  113804.734739   41884.734740
  209   209    1258182  42456.099675  58121.4913900425340     9.60    14.66          3      0.40711  113839.154840   41919.154840
  210   210    1259883  42513.498326  58121.4920543787780    10.79    16.80          3      0.41094  113936.555314   41976.555315
  211   211    1268198  42794.079376  58121.4953018446340     8.56    10.19          2      0.40503  114417.145290   42257.145290
  212   212    1268272  42796.576456  58121.4953307460220     8.80    14.27          3      0.40578  114419.642449   42259.642450
  213   213    1274496  43006.598776  58121.4977615599100     9.38    12.05          2      0.39822  114749.671455   42469.671455
  214   214    1274899  43020.197913  58121.4979189573250     7.19     9.35          2      0.40742  114803.271025   42483.271025
  215   215    1275003  43023.706836  58121.4979595698560     9.61    11.53          2      0.39403  114806.780059   42486.780060
  216   216    1275111  43027.351720  58121.4980017560190     8.55     8.55          1      0.40983  114810.425060   42490.425060
  217   217    1275527  43041.388918  58121.4981642235900    43.10    48.57          3      0.40094  114824.462704   42504.462705
  218   218    1277582  43110.732789  58121.4989668146940     6.68     6.68          1      0.40031  114933.808785   42573.808785
  219   219    1278487  43141.271312  58121.4993202698110     7.84     8.73          2      0.40664  115004.348279   42604.348280
  220   220    1278553  43143.498361  58121.4993460458370    59.11    67.37          3      0.40503  115006.575400   42606.575400
  221   221    1278597  43144.982878  58121.4993632277500     6.93     6.93          1      0.39858  115008.059965   42608.059965
  222   222    1278874  43154.330221  58121.4994714145920     9.28     9.28          1      0.40622  115017.407605   42617.407605
  223   223    1281493  43242.705650  58121.5004942783620    14.64    17.67          2      0.40408  115145.785850   42705.785850
  224   224    1284097  43330.574790  58121.5015112822910    10.49    13.55          3      0.39806  115313.657789   42793.657790
  225   225    1285061  43363.104183  58121.5018877798910     6.57     6.57          1      0.40369  115346.188219   42826.188220
  226   226    1285378  43373.801092  58121.5020115867140    11.07    21.77          4      0.40561  115356.885470   42836.885470
  227   227    1285542  43379.334960  58121.5020756361090    20.08    21.62          2      0.40131  115402.419515   42842.419515
  228   228    1288188  43468.621484  58121.5031090449540    12.30    12.30          1      0.39933  115531.708885   42931.708885
  229   229    1288211  43469.397974  58121.5031180321150     5.58     5.81          2      0.41056  115532.485399   42932.485400
  230   230    1288455  43477.631311  58121.5032133253500    39.25    43.99          2      0.40478  115540.718999   42940.719000
  231   231    1298289  43809.469509  58121.5070540452480    15.86    18.99          2      0.39967  120112.567784   43272.567785
  232   232    1299966  43866.058273  58121.5077090077950     6.91     8.35          2      0.40256  120209.158354   43329.158355
  233   233    1306342  44081.209937  58121.5101991890820    10.15    11.98          2      0.40256  120544.316890   43544.316890
  234   234    1310759  44230.256859  58121.5119242691970     5.88    10.95          3      0.39456  120813.368575   43693.368575
  235   235    1312314  44282.729007  58121.5125315857280     6.34    12.53          3      0.40189  120905.842400   43745.842400
  236   236    1314151  44344.716930  58121.5132490385410     7.37    12.63          3      0.40836  121007.832305   43807.832305
  237   237    1314303  44349.845716  58121.5133083994880    75.26    83.71          2      0.39947  121012.961255   43812.961255
  238   238    1315157  44378.663095  58121.5136419339650     6.16     6.16          1      0.39986  121041.779555   43841.779555
  239   239    1318845  44503.111305  58121.5150823067780     5.56     6.91          2      0.41125  121246.231744   43966.231745
  240   240    1320585  44561.825761  58121.5157618722430    21.98    24.79          2      0.40881  121344.948080   44024.948080
  241   241    1322524  44627.255258  58121.5165191580800     8.87    11.06          2      0.40600  121450.379670   44090.379670
  242   242    1322538  44627.727568  58121.5165246246270    18.91    21.56          2      0.40286  121450.851994   44090.851995
  243   243    1323013  44643.756140  58121.5167101405060    10.67    15.68          3      0.40811  121506.881079   44106.881080
  244   244    1327876  44807.852922  58121.5186094088190     5.73     5.73          1      0.40131  121750.983115   44270.983115
  245   245    1332155  44952.243613  58121.5202805973760     9.94    16.31          4      0.40628  122015.378429   44415.378430
  246   246    1332400  44960.510763  58121.5203762819840     8.05     8.05          1      0.40253  122023.645844   44423.645845
  247   247    1335317  45058.942099  58121.5215155335550     5.53     8.36          2      0.40619  122202.080334   44522.080335
  248   248    1335548  45066.736884  58121.5216057509760     7.10     8.23          2      0.40394  122209.875370   44529.875370
  249   249    1337216  45123.021706  58121.5222571956740     5.91     6.60          2      0.39947  122306.161995   44586.161995
  250   250    1338217  45156.799558  58121.5226481430270    38.40    47.23          3      0.40306  122339.940929   44619.940930
  251   251    1339755  45208.698019  58121.5232488196610    12.01    12.01          1      0.40922  122431.841054   44671.841055
  252   252    1339758  45208.799096  58121.5232499895300     8.07    10.61          2      0.40461  122431.942134   44671.942135
  253   253    1340143  45221.790399  58121.5234003518460     9.15     9.15          1      0.40072  122444.933855   44684.933855
  254   254    1345397  45399.081604  58121.5254523333760    10.92    10.92          1      0.40936  122742.230745   44862.230745
  255   255    1345749  45410.959193  58121.5255898054780    24.18    29.59          3      0.40064  122754.108715   44874.108715
  256   256    1346721  45443.758541  58121.5259694275580     5.90     5.90          1      0.40631  122826.909115   44906.909115
  257   257    1349809  45547.959802  58121.5271754606720     7.76    13.20          3      0.40117  123011.113720   45011.113720
  258   258    1350082  45557.171951  58121.5272820827650    11.33    14.07          2      0.40236  123020.326164   45020.326165
  259   259    1350257  45563.077422  58121.5273504331260    19.78    19.78          1      0.41044  123026.231825   45026.231825
  260   260    1350582  45574.043780  58121.5274773585660     7.04     9.07          2      0.39747  123037.198535   45037.198535
  261   261    1352213  45629.080458  58121.5281143571580     6.00     6.00          1      0.40439  123132.236980   45092.236980
  262   262    1352780  45648.213344  58121.5283358025860    19.21    22.45          2      0.40572  123151.370479   45111.370480
  263   263    1354040  45690.730769  58121.5288279024130     6.38     6.38          1      0.40572  123233.889269   45153.889270
  264   264    1357360  45802.760641  58121.5301245444610    10.66    15.66          3      0.40075  123425.922740   45265.922740
  265   265    1357963  45823.108233  58121.5303600489980    12.58    12.58          1      0.39975  123446.270985   45286.270985
  266   266    1360427  45906.253567  58121.5313223792510    11.15    11.24          2      0.40411  123609.418989   45369.418990
  267   267    1361597  45945.734223  58121.5317793312900     8.65     9.98          2      0.40975  123648.900914   45408.900915
  268   268    1361730  45950.221824  58121.5318312711040    34.76    37.22          2      0.39939  123653.388659   45413.388660
  269   269    1361746  45950.761912  58121.5318375221380     6.17     8.51          2      0.40483  123653.928764   45413.928765
  270   270    1362742  45984.370987  58121.5322265160450    11.66    12.04          2      0.40669  123727.538919   45447.538920
  271   271    1362907  45989.938623  58121.5322909562880    10.49    10.49          1      0.40308  123733.106735   45453.106735
  272   272    1365844  46089.044477  58121.5334380147840    17.29    17.29          1      0.39600  123912.215774   45552.215775
  273   273    1366245  46102.576037  58121.5335946300540    10.35    12.55          2      0.40256  123925.747770   45565.747770
  274   274    1366942  46126.095916  58121.5338668508800     8.54     8.54          1      0.41200  123949.268405   45589.268405
  275   275    1368404  46175.429264  58121.5344378387070     8.17     8.17          1      0.40128  124038.603340   45638.603340
  276   276    1368628  46182.988196  58121.5345253263490     7.06    13.35          3      0.40953  124046.162515   45646.162515
  277   277    1369262  46204.381483  58121.5347729338370     6.38     6.38          1      0.39764  124107.556490   45667.556490
  278   278    1369908  46226.180457  58121.5350252367740     8.49    10.66          2      0.40822  124129.356164   45689.356165
  279   279    1371330  46274.164324  58121.5355806056060     7.95    13.15          2      0.40572  124217.341574   45737.341575
  280   280    1373449  46345.667614  58121.5364081899780     6.72    14.39          4      0.39914  124328.847164   45808.847165
  281   281    1373775  46356.668370  58121.5365355135490     8.31     9.42          2      0.40553  124339.848274   45819.848275
  282   282    1374013  46364.699486  58121.5366284662780     7.58    10.84          3      0.40694  124347.879650   45827.879650
  283   283    1375220  46405.428231  58121.5370998637820     7.77     8.76          2      0.39956  124428.609705   45868.609705
  284   284    1378329  46510.338529  58121.5383141033470    13.22    15.31          2      0.40661  124613.523379   45973.523380
  285   285    1379255  46541.585298  58121.5386757557630     6.44     6.44          1      0.40175  124644.771155   46004.771155
  286   286    1383478  46684.086154  58121.5403250712320     5.82     9.84          3      0.40156  124907.276599   46147.276600
  287   287    1384548  46720.192311  58121.5407429665660     6.06    13.26          3      0.40419  124943.383920   46183.383920
  288   288    1387178  46808.939097  58121.5417701284350     6.61     8.58          2      0.40703  125112.133564   46272.133565
  289   289    1387661  46825.237257  58121.5419587645570    11.27    12.69          2      0.40150  125128.432249   46288.432250
  290   290    1388564  46855.708390  58121.5423114396930    58.20    78.02          4      0.41075  125158.904365   46318.904365
  291   291    1389551  46889.013487  58121.5426969153540    46.68    57.36          3      0.40422  125232.210534   46352.210535
  292   292    1392503  46988.625711  58121.5438498346240    20.10    21.14          2      0.40331  125411.825969   46451.825970
  293   293    1394789  47065.764428  58121.5447426438400     5.57     7.87          2      0.40214  125528.967174   46528.967175
  294   294    1395019  47073.525573  58121.5448324719100    11.12    14.52          2      0.40294  125536.728569   46536.728570
  295   295    1395225  47080.477034  58121.5449129286400     6.27     6.47          2      0.40883  125543.680254   46543.680255
  296   296    1396263  47115.503039  58121.5453183222140    10.32    13.46          2      0.40128  125618.707390   46578.707390
  297   297    1401594  47295.392380  58121.5474003747710    48.51    56.52          3      0.40536  125918.602534   46758.602535
  298   298    1402808  47336.357483  58121.5478745079040     7.96     9.43          2      0.40242  125959.568959   46799.568960
  299   299    1403044  47344.321146  58121.5479666799230     7.17    15.09          4      0.40483  130007.532879   46807.532880
  300   300    1403245  47351.103787  58121.5480451827200     6.87    13.83          4      0.40778  130014.315739   46814.315740
  301   301    1403628  47364.027515  58121.5481947629060     7.15     9.31          2      0.40125  130027.239885   46827.239885
  302   302    1403819  47370.472502  58121.5482693576580     5.56     5.56          1      0.39786  130033.685080   46833.685080
  303   303    1408354  47523.501576  58121.5500405275010     7.43     9.98          2      0.40036  130306.719095   46986.719095
  304   304    1408902  47541.993379  58121.5502545529980     6.10     6.10          1      0.40325  130325.211495   47005.211495
  305   305    1409576  47564.736669  58121.5505177855230    15.83    17.28          2      0.39856  130347.955520   47027.955520
  306   306    1411723  47637.185229  58121.5513563105150     8.09     8.09          1      0.40494  130500.406419   47100.406420
  307   307    1415453  47763.050487  58121.5528130843390     5.62     5.62          1      0.41025  130706.275744   47226.275745
  308   308    1415923  47778.910009  58121.5529966436220    15.21    16.74          2      0.40575  130722.135779   47242.135780
  309   309    1416444  47796.490646  58121.5532001232260     6.23     8.25          2      0.40631  130739.716984   47259.716985
  310   310    1418435  47863.674674  58121.5539777161340     7.43     9.69          3      0.39878  130846.903185   47326.903185
  311   311    1422369  47996.423581  58121.5555141618180    35.50    42.22          3      0.40039  131059.656385   47459.656385
  312   312    1422667  48006.479546  58121.5556305502980    13.47    14.51          2      0.40797  131109.712675   47469.712675
  313   313    1423335  48029.020422  58121.5558914400640     6.67     7.66          2      0.40475  131132.254280   47492.254280
  314   314    1427093  48155.830359  58121.5573591476740    10.47    13.62          3      0.40553  131339.068319   47619.068320
  315   315    1427186  48158.968147  58121.5573954646660    18.66    42.09          7      0.39358  131342.206209   47622.206210
  316   316    1428560  48205.332692  58121.5579320913410     9.18    11.35          2      0.40258  131428.572254   47668.572255
  317   317    1431104  48291.177323  58121.5589256634620     8.38    15.97          4      0.40031  131554.419665   47754.419665
  318   318    1431106  48291.244911  58121.5589264457340    10.10    10.10          1      0.40325  131554.487255   47754.487255
  319   319    1433252  48363.659656  58121.5597645793540     6.09     6.09          1      0.40753  131706.904345   47826.904345
  320   320    1437310  48500.592451  58121.5613494496640     5.56     5.56          1      0.39825  131923.841574   47963.841575
  321   321    1441032  48626.187761  58121.5628030990850     9.63    12.04          2      0.40364  132129.440954   48089.440955
  322   322    1446711  48817.819793  58121.5650210624260     7.40    11.46          3      0.40119  132441.079200   48281.079200
  323   323    1447496  48844.308859  58121.5653276488320    10.36    10.36          1      0.40219  132507.569125   48307.569125
  324   324    1447673  48850.281680  58121.5653967787010    21.08    29.72          3      0.40622  132513.542139   48313.542140
  325   325    1447874  48857.063995  58121.5654752777220     7.58    12.33          3      0.39950  132520.324675   48320.324675
  326   326    1450257  48937.475967  58121.5664059718400     5.58     8.14          2      0.40081  132640.739255   48400.739255
  327   327    1450502  48945.743484  58121.5665016606980     7.13     8.05          2      0.40792  132649.007039   48409.007040
  328   328    1451403  48976.146442  58121.5668535467900     5.81     5.81          1      0.39678  132719.410985   48439.410985
  329   329    1454936  49095.364058  58121.5682333803010     5.84     7.48          2      0.39978  132918.632469   48558.632470
  330   330    1458396  49212.118503  58121.5695847048960     6.53     6.53          1      0.40692  133115.390704   48675.390705
  331   331    1459700  49256.120749  58121.5700939901570    23.95    26.44          2      0.40939  133159.394379   48719.394380
  332   332    1460522  49283.858178  58121.5704150252030     8.51    14.29          3      0.40553  133227.132709   48747.132710
  333   333    1461494  49316.657153  58121.5707946429700     6.17    10.96          3      0.40011  133259.932749   48779.932750
  334   334    1465417  49449.034737  58121.5723267909380     8.96    11.46          2      0.39753  133512.314635   48912.314635
  335   335    1466966  49501.304333  58121.5729317631100    14.91    19.44          3      0.40217  133604.585930   48964.585930
  336   336    1468298  49546.251072  58121.5734519800060    17.30    17.30          1      0.39458  133649.534130   49009.534130
  337   337    1468351  49548.039829  58121.5734726832130     5.82     7.63          2      0.40425  133651.322944   49011.322945
  338   338    1470615  49624.436131  58121.5743568996610     6.69    11.43          3      0.40153  133807.721729   49087.721730
  339   339    1473916  49735.824908  58121.5756461216260     9.27     9.42          2      0.39761  133959.114130   49199.114130
  340   340    1476285  49815.764468  58121.5765713480060     7.24     7.24          1      0.39903  134119.056290   49279.056290
  341   341    1477237  49847.888738  58121.5769431566850     9.38    14.05          3      0.39878  134151.181604   49311.181605
  342   342    1478110  49877.347264  58121.5772841118460     9.56     9.88          2      0.39947  134220.641089   49340.641090
  343   343    1481827  50002.773797  58121.5787358078340    10.78    10.78          1      0.40308  134426.071705   49466.071705
  344   344    1481963  50007.362962  58121.5787889231740     5.52     8.50          2      0.40258  134430.661019   49470.661020
  345   345    1482667  50031.118914  58121.5790638763260    12.95    14.90          2      0.40800  134454.417744   49494.417745
  346   346    1483879  50072.016647  58121.5795372297090     7.56    10.18          2      0.40853  134535.316809   49535.316810
  347   347    1484093  50079.237667  58121.5796208063360     8.62     8.90          2      0.40278  134542.538065   49542.538065
  348   348    1486911  50174.328246  58121.5807213917310    11.45    13.45          2      0.40322  134717.631739   49637.631740
  349   349    1487065  50179.524816  58121.5807815372290     6.05     8.55          2      0.40311  134722.828479   49642.828480
  350   350    1487342  50188.871797  58121.5808897198720    13.87    18.47          3      0.40000  134732.175764   49652.175765
  351   351    1487703  50201.053705  58121.5810307141760    10.33    12.30          2      0.40972  134744.358070   49664.358070
  352   352    1488215  50218.330482  58121.5812306768770     6.71     6.71          1      0.40542  134801.635410   49681.635410
  353   353    1490501  50295.469054  58121.5821234844160    21.08    21.08          1      0.39981  134918.776494   49758.776495
  354   354    1490675  50301.340348  58121.5821914392190    25.95    32.04          2      0.39503  134924.647980   49764.647980
  355   355    1491250  50320.743575  58121.5824160135940     9.23    13.42          3      0.40789  134944.051840   49784.051840
  356   356    1491688  50335.523424  58121.5825870766590     6.47    10.99          3      0.40731  134958.832170   49798.832170
  357   357    1494600  50433.785326  58121.5837243671940     7.81    10.97          2      0.38964  135137.097275   49897.097275
  358   358    1495874  50476.775405  58121.5842219375620    11.49    20.54          4      0.39661  135220.088754   49940.088755
  359   359    1498513  50565.826241  58121.5852526185340    19.05    19.05          1      0.40983  135349.142495   50029.142495
  360   360    1499819  50609.895359  58121.5857626777600     5.75     7.92          2      0.39403  135433.213049   50073.213050
  361   361    1501411  50663.615831  58121.5863844424830    25.76    27.98          2      0.39522  135526.935275   50126.935275
  362   362    1503351  50729.079481  58121.5871421236220     8.83    12.63          2      0.40436  135632.401059   50192.401060
  363   363    1503545  50735.625837  58121.5872178916350    44.84    50.85          2      0.40503  135638.947630   50198.947630
  364   364    1506304  50828.725424  58121.5882954331520   193.93   219.29          2      0.40258  135812.050255   50292.050255
  365   365    1509136  50924.288349  58121.5894014855170     6.73     6.73          1      0.40097  135947.616300   50387.616300
  366   366    1510339  50964.882394  58121.5898713240060     9.43    14.10          3      0.40169  140028.211669   50428.211670
  367   367    1510440  50968.290737  58121.5899107724160    11.52    11.52          1      0.40764  140031.620125   50431.620125
  368   368    1511278  50996.567709  58121.5902380521860    15.98    19.99          2      0.39303  140059.898020   50459.898020
  369   369    1517161  51195.083839  58121.5925356925820    10.22    13.40          2      0.40000  140418.420635   50658.420635
  370   370    1518906  51253.967135  58121.5932172122110    13.66    17.73          2      0.40097  140517.305854   50717.305855
  371   371    1519013  51257.577912  58121.5932590036100     6.39     9.01          2      0.40600  140520.916749   50720.916750
  372   372    1519412  51271.041567  58121.5934148329600     7.78    14.26          3      0.40017  140534.380844   50734.380845
  373   373    1519638  51278.667588  58121.5935030970880    13.86    14.26          2      0.39658  140542.007115   50742.007115
  374   374    1520651  51312.850520  58121.5938987328640     8.40    10.54          2      0.40458  140616.191164   50776.191165
  375   375    1521184  51330.835802  58121.5941068958590     7.64     7.64          1      0.39675  140634.177035   50794.177035
  376   376    1523049  51393.768760  58121.5948352865790    40.00    46.56          3      0.40906  140737.112050   50857.112050
  377   377    1525394  51472.898187  58121.5957511364220    10.33    16.04          3      0.40222  140856.244064   50936.244065
  378   378    1528686  51583.983308  58121.5970368438400     7.47    10.00          2      0.39939  141047.332820   51047.332820
  379   379    1529812  51621.979265  58121.5974766118660    13.75    22.47          3      0.40603  141125.330020   51085.330020
  380   380    1530233  51636.185430  58121.5976410350720    10.30    10.30          1      0.40439  141139.536650   51099.536650
  381   381    1530559  51647.185920  58121.5977683555580    16.09    25.41          3      0.40289  141150.537499   51110.537500
  382   382    1532009  51696.114589  58121.5983346595970    17.93    20.66          2      0.39939  141239.467770   51159.467770
  383   383    1532555  51714.538931  58121.5985479042940    13.01    16.82          2      0.40306  141257.892715   51177.892715
  384   384    1533279  51738.969441  58121.5988306648320     5.73     8.02          2      0.39894  141322.324025   51202.324025
  385   385    1533612  51750.206249  58121.5989607204740     5.56     7.88          2      0.40067  141333.561199   51213.561200
  386   386    1536881  51860.515267  58121.6002374452220     5.53     8.13          2      0.39808  141523.873829   51323.873830
  387   387    1538394  51911.570070  58121.6008283572860    13.83    17.02          2      0.40239  141614.930305   51374.930305
  388   388    1539503  51948.991994  58121.6012614814080     8.79    11.20          2      0.39761  141652.353454   51412.353455
  389   389    1546694  52191.644918  58121.6040699643260     8.65    10.81          2      0.39425  142055.014329   51655.014330
  390   390    1546947  52200.182439  58121.6041687782270    19.03    24.34          3      0.40286  142103.552129   51663.552130
  391   391    1548616  52256.501172  58121.6048206154110    12.06    13.78          2      0.40325  142159.872710   51719.872710
  392   392    1549185  52275.701483  58121.6050428412420    70.14    77.23          3      0.40264  142219.073649   51739.073650
  393   393    1549271  52278.603588  58121.6050764304130    10.05    12.86          2      0.40625  142221.975850   51741.975850
  394   394    1552203  52377.541013  58121.6062215394940     6.14    10.20          2      0.40756  142400.916519   51840.916520
  395   395    1552522  52388.305235  58121.6063461254020     9.51    12.12          2      0.40428  142411.681094   51851.681095
  396   396    1553262  52413.275801  58121.6066351365890    16.34    19.16          2      0.40464  142436.652479   51876.652480
  397   397    1558694  52596.573032  58121.6087566323070     5.60    11.84          4      0.40086  142739.955724   52059.955725
  398   398    1558754  52598.597500  58121.6087800636540     6.85    10.02          2      0.39581  142741.980259   52061.980260
  399   399    1559698  52630.452120  58121.6091487513860     7.60     7.60          1      0.40444  142813.835924   52093.835925
  400   400    1564479  52791.781868  58121.6110159938430    38.34    43.81          3      0.39636  143055.170969   52255.170970
  401   401    1565057  52811.286198  58121.6112417383940     5.59     5.59          1      0.40533  143114.675940   52274.675940
  402   402    1565142  52814.154248  58121.6112749334270    15.26    15.72          2      0.39975  143117.544085   52277.544085
  403   403    1565499  52826.200923  58121.6114143625340     7.16     7.16          1      0.40181  143129.591155   52289.591155
  404   404    1569232  52952.167185  58121.6128723053820     7.82     8.56          2      0.40014  143335.561555   52415.561555
  405   405    1570601  52998.362857  58121.6134069775100    13.70    13.70          1      0.40453  143421.758744   52461.758745
  406   406    1575243  53155.002473  58121.6152199360260     6.84     9.16          2      0.40481  143658.403509   52618.403510
  407   407    1576851  53209.262794  58121.6158479490050     8.43     8.43          1      0.40431  143752.665614   52672.665615
  408   408    1577378  53227.045789  58121.6160537707010     5.94     8.71          2      0.40169  143810.449195   52690.449195
  409   409    1579767  53307.660213  58121.6169868080130    18.10    22.47          3      0.40253  143931.066270   52771.066270
  410   410    1580191  53321.967598  58121.6171524027520     5.63     6.47          2      0.40053  143945.374125   52785.374125
  411   411    1584692  53473.849310  58121.6189102929410    16.91    23.75          3      0.40078  144217.260835   52937.260835
  412   412    1587871  53581.122035  58121.6201518754050     5.61     5.86          2      0.41783  144404.537089   53044.537090
  413   413    1590800  53679.957856  58121.6212958085120     5.77     8.35          2      0.40806  144543.376165   53143.376165
  414   414    1593067  53756.455271  58121.6221811952640    13.66    22.37          3      0.40175  144659.876100   53219.876100
  415   415    1593264  53763.102992  58121.6222581364740    30.94    34.97          2      0.40633  144706.524039   53226.524040
  416   416    1596646  53877.224843  58121.6235789912450     9.38    11.67          2      0.39658  144900.649649   53340.649650
  417   417    1598340  53934.387459  58121.6242405955970     8.53    10.59          2      0.40533  144957.814149   53397.814150
  418   418    1601650  54046.079948  58121.6255333327230    11.09    13.13          2      0.40167  145149.510320   53509.510320
  419   419    1606844  54221.346404  58121.6275618796800    15.24    17.77          2      0.40650  145444.782554   53684.782555
  420   420    1614905  54493.356838  58121.6307101485820    52.58    57.67          2      0.41000  145916.801964   53956.801965
  421   421    1616043  54531.757436  58121.6311545999620    25.01    26.62          2      0.40806  145955.203829   53995.203830
  422   422    1616619  54551.193789  58121.6313795577470     7.96     8.36          2      0.40256  150014.640825   54014.640825
  423   423    1618014  54598.266735  58121.6319243835140     8.01    10.24          2      0.40483  150101.715324   54061.715325
  424   424    1618901  54628.197601  58121.6322708055680    19.15    23.72          2      0.40325  150131.647179   54091.647180
  425   425    1619919  54662.549052  58121.6326683918080     5.52     8.41          2      0.40522  150205.999765   54125.999765
  426   426    1621919  54730.037053  58121.6334495029250    12.04    16.39          3      0.40572  150313.489995   54193.489995
  427   427    1623736  54791.349887  58121.6341591422080     9.55    12.07          3      0.40578  150414.804855   54254.804855
  428   428    1624042  54801.675376  58121.6342786501890    11.82    11.82          1      0.40067  150425.130684   54265.130685
  429   429    1626114  54871.592876  58121.6350878805120     8.42     8.42          1      0.39914  150535.050495   54335.050495
  430   430    1631236  55044.429738  58121.6370883071490     7.38     8.08          2      0.40314  150827.893069   54507.893070
  431   431    1634356  55149.711021  58121.6383068405250     8.40    10.84          2      0.40397  151013.177835   54613.177835
  432   432    1634635  55159.125765  58121.6384158074620    14.62    14.62          1      0.40900  151022.592889   54622.592890
  433   433    1636615  55225.938500  58121.6391891030020     8.16    10.41          2      0.39808  151129.407834   54689.407835
  434   434    1638887  55302.605039  58121.6400764472060    12.16    18.96          3      0.40367  151246.076910   54766.076910
  435   435    1638985  55305.912084  58121.6401147232000     7.16    12.92          4      0.40764  151249.384064   54769.384065
  436   436    1639235  55314.347990  58121.6402123609980    14.11    17.21          2      0.40492  151257.820249   54777.820250
  437   437    1641943  55405.726756  58121.6412699856000    14.82    18.00          2      0.40594  151429.202039   54869.202040
  438   438    1642935  55439.200548  58121.6416574137470     7.34     7.34          1      0.39861  151502.676939   54902.676940
  439   439    1644294  55485.058835  58121.6421881809540     8.23    11.64          2      0.40458  151548.536744   54948.536745
  440   440    1645867  55538.138113  58121.6428025244540    15.91    15.91          1      0.40392  151641.617780   55001.617780
  441   441    1646227  55550.285916  58121.6429431240190     7.53     9.85          2      0.40292  151653.765984   55013.765985
  442   442    1648010  55610.451263  58121.6436394822140     7.58     7.58          1      0.39725  151753.933324   55073.933325
  443   443    1649657  55666.027588  58121.6442827267200     6.06     6.06          1      0.39636  151849.511489   55129.511490
  444   444    1650285  55687.218916  58121.6445279967100     5.94     6.58          2      0.39933  151910.703520   55150.703520
  445   445    1650376  55690.289444  58121.6445635352320     8.39     8.39          1      0.39414  151913.774149   55153.774150
  446   446    1652020  55745.764821  58121.6452056113540     9.36    12.07          3      0.40167  152009.251364   55209.251365
  447   447    1652586  55764.864163  58121.6454266685570    12.80    13.36          2      0.40886  152028.351340   55228.351340
  448   448    1654110  55816.289939  58121.6460218742910     6.83     9.06          2      0.40683  152119.778819   55279.778820
  449   449    1657732  55938.510684  58121.6474364662530     8.59    13.03          3      0.40697  152322.003615   55402.003615
  450   450    1664208  56157.036458  58121.6499656997500     5.75     7.58          2      0.39747  152700.536634   55620.536635
  451   451    1664565  56169.083368  58121.6501051315710    17.45    23.54          2      0.40650  152712.583944   55632.583945
  452   452    1664658  56172.221459  58121.6501414520700     5.53     7.27          2      0.40353  152715.722139   55635.722140
  453   453    1665289  56193.513978  58121.6503878932610     9.72    12.40          2      0.40531  152737.015364   55657.015365
  454   454    1668402  56298.558858  58121.6516036904830     8.90    12.15          2      0.40031  152922.063730   55762.063730
  455   455    1669912  56349.512357  58121.6521934300540    21.27    27.26          3      0.40239  153013.018920   55813.018920
  456   456    1670264  56361.390268  58121.6523309058820    13.44    13.44          1      0.40314  153024.897225   55824.897225
  457   457    1670789  56379.105910  58121.6525359480320     9.00    13.21          2      0.40450  153042.613454   55842.613455
  458   458    1673293  56463.600860  58121.6535138988420     7.72    11.25          2      0.40428  153207.111210   55927.111210
  459   459    1675489  56537.702630  58121.6543715582210     7.78     7.78          1      0.40317  153321.215439   56001.215440
  460   460    1677981  56621.792788  58121.6553448239360    25.78    32.06          3      0.40697  153445.308389   56085.308390
  461   461    1678262  56631.274723  58121.6554545685500    10.09    11.65          2      0.40319  153454.790639   56094.790640
  462   462    1678508  56639.575827  58121.6555506461440    14.51    19.20          3      0.40564  153503.092019   56103.092020
  463   463    1682414  56771.379539  58121.6570761520770    11.46    11.46          1      0.39603  153714.900110   56234.900110
  464   464    1684093  56828.036046  58121.6577318986880    22.89    25.06          2      0.40622  153811.558499   56291.558500
  465   465    1685486  56875.041334  58121.6582759413630     9.14     9.14          1      0.40344  153858.565349   56338.565350
  466   466    1687852  56954.879655  58121.6591999960060     8.41     8.72          2      0.40444  154018.406325   56418.406325
  467   467    1690534  57045.381012  58121.6602474654080    23.97    26.88          3      0.40350  154148.910689   56508.910690
  468   468    1690564  57046.393488  58121.6602591838850    11.85    13.86          2      0.40814  154149.923199   56509.923200
  469   469    1690808  57054.626959  58121.6603544786940     9.17     9.34          2      0.40628  154158.156945   56518.156945
  470   470    1690848  57055.976729  58121.6603701010300     8.40     8.40          1      0.40658  154159.506759   56519.506760
  471   471    1691888  57091.070552  58121.6607762795390     5.75     5.75          1      0.40867  154234.601750   56554.601750
  472   472    1695103  57199.557384  58121.6620319141630     6.92     8.72          2      0.40556  154423.092190   56663.092190
  473   473    1695910  57226.788783  58121.6623470923900    10.78    12.57          2      0.40544  154450.324495   56690.324495
  474   474    1696733  57254.559984  58121.6626685183360     7.67     7.67          1      0.40233  154518.096619   56718.096620
  475   475    1698405  57310.979872  58121.6633215262980    17.34    19.73          2      0.40031  154614.518385   56774.518385
  476   476    1699176  57336.996507  58121.6636226447620    14.03    17.52          3      0.40078  154640.535884   56800.535885
  477   477    1700303  57375.025981  58121.6640628007040    19.06    21.72          2      0.40061  154718.566624   56838.566625
  478   478    1700660  57387.072720  58121.6642022305540     6.55     6.55          1      0.40458  154730.613765   56850.613765
  479   479    1702568  57451.456172  58121.6649474093950    10.88    11.50          2      0.40200  154834.999360   56914.999360
  480   480    1706620  57588.186725  58121.6665299389440    19.20    20.18          2      0.39883  155051.734465   57051.734465
  481   481    1706707  57591.122482  58121.6665639176190     6.16    11.58          3      0.39972  155054.670319   57054.670320
  482   482    1707160  57606.408718  58121.6667408416510     8.36    14.81          3      0.40586  155109.957065   57069.957065
  483   483    1708697  57658.273221  58121.6673411252350    17.21    25.67          3      0.40544  155201.823295   57121.823295
  484   484    1712969  57802.427509  58121.6690095776510    10.20    15.75          3      0.40394  155425.982385   57265.982385
  485   485    1714007  57837.453932  58121.6694149760640     6.12     8.67          2      0.40864  155501.009975   57301.009975
  486   486    1715847  57899.542738  58121.6701335965060    19.03    19.97          2      0.40444  155603.100850   57363.100850
  487   487    1717450  57953.634181  58121.6707596548740    20.75    25.67          2      0.39914  155657.194094   57417.194095
  488   488    1718027  57973.104697  58121.6709850080640     8.06     8.32          2      0.40600  155716.665260   57436.665260
  489   489    1719341  58017.444049  58121.6714981950080    42.69    43.93          2      0.39844  155801.006090   57481.006090
  490   490    1719515  58023.315538  58121.6715661520510     5.98     8.31          2      0.39947  155806.877775   57486.877775
  491   491    1719649  58027.837132  58121.6716184853250     6.69    13.26          4      0.39647  155811.399519   57491.399520
  492   492    1719834  58034.079934  58121.6716907399810     6.57     6.57          1      0.40131  155817.642529   57497.642530
  493   493    1720200  58046.430437  58121.6718336856190     6.62     9.28          2      0.40731  155829.993445   57509.993445
  494   494    1720528  58057.498533  58121.6719617885700     6.08    10.38          3      0.40925  155841.061909   57521.061910
  495   495    1720803  58066.778064  58121.6720691905540     6.24     9.73          3      0.40725  155850.341749   57530.341750
  496   496    1721235  58081.355368  58121.6722379093500     7.53     7.53          1      0.40425  155904.919540   57544.919540
  497   497    1721318  58084.156139  58121.6722703256830     7.30    11.92          3      0.40486  155907.720405   57547.720405
  498   498    1723752  58166.288846  58121.6732209357180    10.40    18.88          4      0.39972  160029.855849   57629.855850
  499   499    1725257  58217.073717  58121.6738087235840     7.50     9.00          2      0.40450  160120.642415   57680.642415
  500   500    1725770  58234.384325  58121.6740090778370     5.62     7.63          2      0.40269  160137.953600   57697.953600
  501   501    1732290  58454.395074  58121.6765554985340    13.76    18.29          3      0.40011  160517.971689   57917.971690
  502   502    1733201  58485.136103  58121.6769112974850    25.82    30.89          3      0.40756  160548.713745   57948.713745
  503   503    1734123  58516.248120  58121.6772713902720    16.63    18.65          2      0.40917  160619.826800   57979.826800
  504   504    1734922  58543.209440  58121.6775834425980     6.24     7.50          2      0.40528  160646.789019   58006.789020
  505   505    1735401  58559.372785  58121.6777705183360    11.52    11.52          1      0.40447  160702.952904   58022.952905
  506   506    1736148  58584.579459  58121.6780622622590    18.18    20.33          2      0.40183  160728.160420   58048.160420
  507   507    1736787  58606.141904  58121.6783118275970    12.53    12.53          1      0.40281  160749.723584   58069.723585
  508   508    1736887  58609.516161  58121.6783508814980     9.04    11.11          2      0.39861  160753.097954   58073.097955
  509   509    1738109  58650.751554  58121.6788281429890    16.78    20.02          2      0.40550  160834.334725   58114.334725
  510   510    1738138  58651.730342  58121.6788394715520    15.61    17.10          2      0.41178  160835.313544   58115.313545
  511   511    1740647  58736.393784  58121.6798193724930     5.61     7.85          2      0.40475  160959.979814   58199.979815
  512   512    1741065  58750.498748  58121.6799826243970     5.65     5.65          1      0.40400  161014.085249   58214.085250
  513   513    1741181  58754.413223  58121.6800279308290    31.58    37.84          3      0.40906  161017.999855   58217.999855
  514   514    1742413  58795.985824  58121.6805090951810    18.96    21.02          2      0.40911  161059.573844   58259.573845
  515   515    1745341  58894.787973  58121.6816526385790    22.38    25.02          2      0.40128  161238.379294   58358.379295
  516   516    1745880  58912.976191  58121.6818631503620    35.17    36.01          2      0.40736  161256.568120   58376.568120
  517   517    1746455  58932.378852  58121.6820877181950    28.30    31.00          2      0.40336  161315.971429   58395.971430
  518   518    1747086  58953.671421  58121.6823341599620     6.90    12.08          3      0.40658  161337.264710   58417.264710
  519   519    1753089  59156.236525  58121.6846786634880     7.24     7.24          1      0.40394  161659.836584   58619.836585
  520   520    1753620  59174.154401  58121.6848860463100    18.13    24.44          2      0.39844  161717.755060   58637.755060
  521   521    1754845  59215.491094  58121.6853644802560     7.65     9.04          2      0.40736  161759.093135   58679.093135
  522   522    1755573  59240.056498  58121.6856488020610     5.84     5.84          1      0.40072  161823.659359   58703.659360
  523   523    1757276  59297.522556  58121.6863139184770     5.87     8.13          2      0.40183  161921.127339   58761.127340
  524   524    1760138  59394.097836  58121.6874316879230    11.66    13.27          2      0.40092  162057.705849   58857.705850
  525   525    1760944  59421.295556  58121.6877464763520     9.20    11.37          2      0.40272  162124.904479   58884.904480
  526   526    1763888  59520.637892  58121.6888962718980     9.18    11.63          3      0.40328  162304.250139   58984.250140
  527   527    1764407  59538.151056  58121.6890989705600     9.06    11.26          2      0.40419  162321.763890   59001.763890
  528   528    1767978  59658.650728  58121.6904936426880     8.12     9.94          2      0.40033  162522.267594   59122.267595
  529   529    1769640  59714.733441  58121.6911427481600     6.66     9.36          2      0.40611  162618.352185   59178.352185
  530   530    1770939  59758.566818  58121.6916500789120    26.83    33.47          3      0.40403  162702.187030   59222.187030
  531   531    1773020  59828.787762  58121.6924628213120    17.27    22.53          3      0.39489  162812.410324   59292.410325
  532   532    1774844  59890.337191  58121.6931751989630    34.19    38.64          3      0.40628  162913.961815   59353.961815
  533   533    1775161  59901.034143  58121.6932990062850    19.95    23.18          2      0.40939  162924.659124   59364.659125
  534   534    1775259  59904.340812  58121.6933372779140     9.83    13.34          2      0.40222  162927.965904   59367.965905
