             hhmmss.xxx   hhmmss.xxx          sec          sec                 day                 day             sec             sec                 day                 day              sec             sec
      nGTI     UTCstart       UTCend     sodStart       sodEnd         MJDobsStart           MJDobsEnd        TDBstart          TDBend         MJDtdbStart           MJDtdbEnd     duration_sec       accum_sec
         0  90000.00000  93857.99999  32400.00000  34737.99999  58121.375000000000  58121.402060185072    32937.287376    35275.214595  58121.381218603892  58121.408277946699      2336.927229      2336.927229
         1  93911.00000  94714.99999  34751.00000  35234.99999  58121.402210648150  58121.407812499885    35288.214168    35772.199076  58121.408428404720  58121.414030081905       482.984918      2819.912148
         2  95303.00000 101222.99999  35583.00000  36742.99999  58121.411840277775  58121.425266203587    36120.188179    37280.151885  58121.418057733557  58121.431483239408      1158.963716      3978.875864
         3 101626.00000 104054.99999  36986.00000  38454.99999  58121.428078703706  58121.445081018406    37523.144244    38992.098104  58121.434295650972  58121.451297431755      1467.953870      5446.829734
         4 104405.00000 111929.99999  38645.00000  40769.99999  58121.447280092594  58121.471874999887    39182.092100    41307.024995  58121.453496436341  58121.478090567063      2123.932905      7570.762639
         5 112533.00000 113951.99999  41133.00000  41991.99999  58121.476076388892  58121.486018518401    41670.013467    42528.986210  58121.482291822525  58121.492233636694       857.972754      8428.735393
         6 114309.00000 115733.99999  42189.00000  43053.99999  58121.488298611112  58121.498310185067    42725.979923    43590.952389  58121.494513656515  58121.504524911907       863.972477      9292.707870
         7 120041.00000 142958.99999  43241.00000  52198.99999  58121.500474537039  58121.604155092478    43777.946401    52735.656434  58121.506689194459  58121.610366393921      8956.710043     18249.417913
         8 143020.00000 162958.99999  52220.00000  59398.99999  58121.604398148149  58121.687488425807    52756.655722    59935.417560  58121.610609441232  58121.693696962495      7177.761848     25427.179761
