yyyy doy mn dd    MJD                 P0ms           Pdot0                  nu0            nudot0_15       tJPLms        SNthr 
2018 313 11 09  58431     33.7552247881230   4.200554E-013     29.6250434199999        -368658.79077      13.8631         5.00 
nGRPmax
    152
 nGRP  nORG  NSEQpulse        TDBsec                  MJD   peakSN    sumSN  Nsubpulse        phase       UThhmmss          UTsec
    0     0    1401134  47295.634510  58431.5474031771900     5.83     8.95          2      0.40292  130029.679774   46829.679775
    1     1    1403033  47359.735828  58431.5481450905980     5.55     7.83          2      0.40614  130133.777204   46893.777205
    2     2    1410966  47627.516112  58431.5512443994500     5.18     8.88          3      0.40428  130601.541250   47161.541250
    3     3    1412179  47668.461045  58431.5517182991360     5.08     5.66          2      0.39897  130642.483699   47202.483700
    4     4    1413622  47717.169778  58431.5522820576130     5.19     5.19          1      0.39644  130731.189480   47251.189480
    5     5    1414796  47756.798201  58431.5527407199230     5.25     7.79          2      0.38950  130810.815499   47290.815500
    6     6    1416543  47815.769506  58431.5534232581760     5.01     7.28          2      0.41592  130909.783230   47349.783230
    7     7    1421174  47972.089752  58431.5552325202820    15.17    15.17          1      0.40725  131146.093999   47506.094000
    8     8    1423144  48038.587468  58431.5560021697660     9.09    11.66          2      0.40350  131252.587684   47572.587685
    9     9    1424653  48089.524180  58431.5565917150460     8.83    16.99          3      0.40519  131343.521309   47623.521310
   10    10    1427442  48183.667551  58431.5576813373950    16.73    16.73          1      0.40467  131517.658974   47717.658975
   11    11    1428523  48220.156772  58431.5581036663420     6.69     8.98          2      0.39878  131554.145985   47754.145985
   12    12    1430034  48271.161643  58431.5586940004990     5.09     7.92          2      0.41939  131645.147765   47805.147765
   13    13    1432649  48359.431301  58431.5597156400510     5.12     8.40          3      0.41028  131813.412075   47893.412075
   14    14    1435623  48459.818913  58431.5608775337220     5.03     6.75          2      0.39586  131953.793604   47993.793605
   15    15    1436461  48488.105692  58431.5612049269890     5.14     7.89          2      0.39269  132022.078670   48022.078670
   16    16    1436942  48504.342370  58431.5613928515070     5.12     5.12          1      0.40442  132038.314364   48038.314365
   17    17    1452582  49032.274719  58431.5675031796220     5.21     7.56          2      0.41394  132926.214740   48566.214740
   18    18    1465244  49459.683100  58431.5724500358780     5.16     6.09          2      0.39803  133633.597249   48993.597250
   19    19    1465908  49482.097016  58431.5727094562050     5.27     5.27          1      0.41086  133656.009810   49016.009810
   20    20    1467257  49527.633072  58431.5732364938880     5.12     7.71          2      0.41767  133741.543109   49061.543110
   21    21    1471219  49661.371084  58431.5747843875460    13.43    13.43          1      0.40964  133955.273029   49195.273030
   22    22    1562893  52755.849350  58431.6106001082110    13.58    15.66          2      0.40422  143129.564440   52289.564440
   23    23    1564411  52807.089632  58431.6111931670400     5.06     6.25          2      0.39853  143220.801635   52340.801635
   24    24    1564680  52816.169495  58431.6112982580480     5.66    10.06          3      0.38994  143229.880949   52349.880950
   25    25    1567510  52911.697095  58431.6124039015680     5.19     5.30          2      0.39711  143405.402795   52445.402795
   26    26    1567703  52918.211688  58431.6124793019520     5.35     5.35          2      0.39208  143411.916994   52451.916995
   27    27    1568012  52928.642081  58431.6126000240900     5.03     7.87          2      0.39300  143422.346760   52462.346760
   28    28    1574776  53156.962969  58431.6152426269570     7.39     9.94          2      0.40447  143810.653895   52690.653895
   29    29    1578690  53289.080960  58431.6167717703680     5.26     7.30          2      0.40339  144022.763930   52822.763930
   30    30    1580038  53334.582575  58431.6172984094340     5.15     5.15          1      0.38953  144108.262804   52868.262805
   31    31    1583937  53466.194904  58431.6188217002750    21.53    23.63          2      0.40817  144319.867209   52999.867210
   32    32    1585564  53521.114635  58431.6194573453060     5.00     5.40          2      0.40622  144414.783634   53054.783635
   33    33    1585681  53525.063912  58431.6195030545410    60.00    65.20          3      0.40367  144418.732674   53058.732675
   34    34    1586523  53553.485618  58431.6198320094720    31.39    34.13          2      0.39767  144447.152670   53087.152670
   35    35    1588962  53635.815018  58431.6207848960380     5.16     5.16          1      0.40781  144609.477115   53169.477115
   36    36    1590364  53683.140316  58431.6213326425470     5.33     5.33          1      0.42089  144656.799565   53216.799565
   37    37    1593512  53789.401196  58431.6225625138430     5.40     6.01          2      0.40222  144843.054049   53323.054050
   38    38    1595219  53847.021288  58431.6232294130560     6.90    13.79          4      0.39853  144940.670675   53380.670675
   39    39    1599449  53989.806537  58431.6248820201090     5.22     9.76          3      0.41492  145203.447334   53523.447335
   40    40    1609361  54324.388214  58431.6287544932220     6.38     6.38          1      0.40519  145738.008889   53858.008890
   41    41    1611486  54396.117866  58431.6295846975230     5.11     5.26          2      0.39783  145849.734230   53929.734230
   42    42    1611624  54400.776546  58431.6296386174340    11.57    11.57          1      0.41133  145854.392630   53934.392630
   43    43    1619107  54653.366573  58431.6325621131140     5.13     5.14          2      0.39647  150306.967474   54186.967475
   44    44    1629080  54990.007863  58431.6364584243460     5.07     8.93          3      0.40278  150843.588539   54523.588540
   45    45    1629889  55017.315408  58431.6367744838910     5.24     5.24          1      0.38917  150910.894444   54550.894445
   46    46    1738426  58681.009504  58431.6791783507460     8.33     8.33          1      0.40908  161014.369135   58214.369135
   47    47    1742532  58819.608314  58431.6807825036420     9.18    10.26          2      0.40211  161232.959669   58352.959670
   48    48    1745155  58908.148274  58431.6818072716930     5.05     5.92          2      0.40006  161401.494344   58441.494345
   49    49    1746338  58948.080537  58431.6822694506620     5.01     8.14          3      0.39422  161441.424225   58481.424225
   50    50    1750026  59072.570531  58431.6837103070720     5.16     7.33          2      0.41328  161645.906790   58605.906790
   51    51    1750245  59079.962462  58431.6837958618240    10.92    11.39          2      0.39939  161653.298280   58613.298280
   52    52    1750524  59089.380229  58431.6839048637570     5.48     5.55          2      0.40067  161702.715485   58622.715485
   53    53    1752514  59156.553172  58431.6846823283840     5.15     6.09          2      0.40083  161809.884420   58689.884420
   54    54    1756374  59286.848695  58431.6861903784190    14.25    14.25          1      0.40850  162020.172169   58820.172170
   55    55    1759618  59396.350626  58431.6874577618690     7.65    10.32          2      0.40556  162209.667569   58929.667570
   56    56    1762479  59492.924915  58431.6885755198460     5.29    12.43          4      0.42094  162346.236100   59026.236100
   57    57    1762926  59508.013144  58431.6887501521280     5.21     8.60          3      0.41008  162401.323429   59041.323430
   58    58    1762933  59508.249674  58431.6887528897410     5.06    10.25          3      0.41697  162401.559945   59041.559945
   59    59    1772583  59833.987706  58431.6925230058500     5.27     5.27          1      0.41344  162927.278559   59367.278560
   60    60    1780622  60105.345893  58431.6956637256190    20.39    26.97          4      0.40553  163358.620580   59638.620580
   61    61    1781510  60135.320524  58431.6960106542080     5.17     5.83          2      0.40431  163428.593424   59668.593425
   62    62    1784731  60244.045809  58431.6972690487170     5.31     5.31          1      0.39319  163617.312234   59777.312235
   63    63    1786255  60295.488892  58431.6978644547710     5.16     7.13          2      0.39564  163708.752254   59828.752255
   64    64    1803722  60885.092439  58431.7046885698940     5.17     7.50          2      0.41342  164658.320709   60418.320710
   65    65    1806722  60986.358247  58431.7058606278530     5.40     5.40          1      0.41483  164839.580495   60519.580495
   66    66    1807422  61009.986318  58431.7061341009020     5.03     5.03          1      0.39719  164903.207159   60543.207160
   67    67    1898333  64078.710369  58431.7416517403780     5.35     9.13          3      0.40939  174011.749174   63611.749175
   68    68    1900870  64164.347575  58431.7426429117440     5.65     8.67          2      0.41333  174137.381314   63697.381315
   69    69    1901432  64183.317662  58431.7428624729340     5.02     5.20          2      0.40281  174156.350279   63716.350280
   70    70    1904752  64295.385096  58431.7441595497220    11.12    12.57          2      0.40247  174348.411084   63828.411085
   71    71    1905364  64316.043333  58431.7443986496900     6.81     6.81          1      0.40342  174409.068099   63849.068100
   72    72    1908468  64420.819299  58431.7456113344770     5.18     5.36          2      0.39350  174553.837870   63953.837870
   73    73    1910327  64483.570519  58431.7463376217470     7.42     7.42          1      0.39961  174656.585379   64016.585380
   74    74    1918803  64769.680101  58431.7496490752510     8.76     8.76          1      0.40161  175142.678050   64302.678050
   75    75    1921503  64860.818947  58431.7507039229950     5.09     7.12          2      0.39169  175313.811509   64393.811510
   76    76    1922577  64897.072779  58431.7511235275390     5.48     7.61          2      0.41217  175350.063199   64430.063200
   77    77    1929089  65116.886749  58431.7536676707070     5.21     5.21          1      0.40503  175729.864184   64649.864185
   78    78    1933735  65273.713506  58431.7554827952130     7.91     7.91          1      0.40100  180006.681680   64806.681680
   79    79    1933818  65276.515511  58431.7555152258180     5.89     9.16          3      0.41047  180009.483520   64809.483520
   80    80    1934874  65312.160911  58431.7559277883140     5.10     8.73          3      0.40586  180045.126815   64845.126815
   81    81    1935307  65326.776684  58431.7560969523580     5.62     7.68          2      0.39842  180059.741724   64859.741725
   82    82    1935715  65340.549152  58431.7562563559300     6.00     8.05          3      0.40833  180113.513379   64873.513380
   83    83    1936828  65378.118480  58431.7566911861120    11.31    11.31          1      0.40039  180151.080490   64911.080490
   84    84    1938468  65433.477238  58431.7573319124740     8.01     8.01          1      0.40467  180246.435980   64966.435980
   85    85    1940676  65508.009098  58431.7581945497470     5.41     6.03          2      0.41244  180400.963439   65040.963440
   86    86    1943281  65595.941367  58431.7592122843390    26.11    28.37          2      0.40764  180528.890520   65128.890520
   87    87    1944182  65626.354552  58431.7595642887940     8.55     8.55          1      0.39881  180559.301910   65159.301910
   88    88    1947106  65725.054871  58431.7607066536060    11.90    11.90          1      0.39739  180737.996404   65257.996405
   89    89    1947873  65750.945614  58431.7610063149820     5.07     9.88          3      0.41142  180803.885620   65283.885620
   90    90    1949866  65818.219928  58431.7617849528700     5.22     8.27          3      0.41397  180911.155964   65351.155965
   91    91    1955235  65999.451748  58431.7638825433860     6.57    10.88          3      0.41011  181212.377095   65532.377095
   92    92    1956381  66038.135544  58431.7643302724990     5.03     5.73          2      0.41858  181251.058609   65571.058610
   93    93    1960688  66183.518917  58431.7660129504260     6.88     9.47          2      0.40378  181516.433409   65716.433410
   94    94    1963376  66274.253041  58431.7670631138940     9.89     9.92          2      0.40364  181647.162184   65807.162185
   95    95    1967457  66412.007856  58431.7686574983300     5.07     5.07          1      0.39292  181904.908880   65944.908880
   96    96    2065566  69723.702296  58431.8069872950910     5.17     5.17          1      0.40142  191416.408649   69256.408650
   97    97    2075205  70049.069319  58431.8107531171200    11.92    13.94          2      0.40522  191941.756599   69581.756600
   98    98    2077763  70135.415054  58431.8117524890500     5.07     8.14          2      0.39886  192108.097274   69668.097275
   99    99    2078056  70145.306024  58431.8118669678720     5.10     7.64          2      0.41900  192117.987664   69677.987665
  100   100    2079110  70180.883554  58431.8122787448320     5.80     5.80          1      0.40422  192153.563110   69713.563110
  101   101    2083158  70317.525294  58431.8138602464640     5.43     7.58          2      0.41792  192410.196844   69850.196845
  102   102    2088628  70502.166080  58431.8159972925950    11.48    13.32          2      0.40439  192714.826814   70034.826815
  103   103    2088917  70511.921291  58431.8161102001280     5.05     5.50          2      0.40269  192724.581455   70044.581455
  104   104    2090492  70565.085825  58431.8167255303810    51.43    54.19          2      0.40294  192817.742874   70097.742875
  105   105    2095280  70726.706038  58431.8185961346940     5.08     5.08          1      0.40458  193059.353625   70259.353625
  106   106    2101318  70930.520215  58431.8209550950780     7.94    11.67          3      0.40336  193423.155870   70463.155870
  107   107    2103012  70987.702197  58431.8216169235710     5.00     6.26          2      0.42028  193520.334505   70520.334505
  108   108    2103962  71019.769178  58431.8219880691970     5.07     5.93          2      0.40544  193552.399609   70552.399610
  109   109    2106651  71110.536930  58431.8230386218750     5.98     5.98          1      0.40167  193723.162049   70643.162050
  110   110    2108859  71185.068241  58431.8239012527870     5.03     5.03          1      0.39303  193837.688999   70717.689000
  111   111    2109053  71191.616955  58431.8239770480900     6.07     6.07          1      0.39878  193844.237330   70724.237330
  112   112    2109230  71197.591349  58431.8240461961730     5.06    16.12          6      0.39003  193850.211374   70730.211375
  113   113    2109447  71204.917138  58431.8241309853950     5.42    12.24          4      0.41664  193857.536735   70737.536735
  114   114    2111856  71286.233145  58431.8250721428860     5.02     6.72          2      0.40478  194018.847985   70818.847985
  115   115    2112166  71296.697162  58431.8251932541950    15.77    16.90          2      0.40172  194029.311390   70829.311390
  116   116    2112265  71300.039108  58431.8252319341180     5.01     5.01          1      0.40692  194032.653139   70832.653140
  117   117    2115657  71414.536866  58431.8265571396610     5.03     6.39          2      0.40497  194227.144199   70947.144200
  118   118    2116751  71451.464881  58431.8269845472260     5.47     7.54          2      0.39775  194304.070055   70984.070055
  119   119    2118375  71506.283437  58431.8276190212610     5.06     5.06          1      0.39842  194358.885404   71038.885405
  120   120    2119719  71551.650910  58431.8281441077500     5.02     5.02          1      0.41058  194444.250224   71084.250225
  121   121    2122324  71639.583717  58431.8291618485760     5.03     6.90          2      0.42178  194612.177890   71172.177890
  122   122    2125307  71740.275055  58431.8303272575740     7.97    12.90          3      0.40436  194752.863339   71272.863340
  123   123    2126015  71764.173887  58431.8306038644350     5.45     8.66          3      0.40739  194816.760775   71296.760775
  124   124    2236161  75482.180306  58431.8736363461380    13.66    13.66          1      0.40808  205014.550325   75014.550325
  125   125    2237180  75516.576773  58431.8740344533890     6.33     6.33          1      0.40422  205048.944789   75048.944790
  126   126    2239535  75596.070430  58431.8749545188740    16.25    16.25          1      0.40503  205208.433820   75128.433820
  127   127    2241459  75661.016024  58431.8757062039810     5.15     5.15          1      0.41900  205313.375635   75193.375635
  128   128    2245959  75812.914138  58431.8774642840060     5.37     5.37          1      0.40328  205545.264909   75345.264910
  129   129    2248308  75892.205231  58431.8783820049920     6.43     6.43          1      0.40314  205704.551389   75424.551390
  130   130    2253062  76052.677632  58431.8802393244420     8.14    10.17          2      0.40019  205945.014454   75585.014455
  131   131    2253814  76078.061828  58431.8805331230080     5.06     9.22          3      0.40742  210010.397175   75610.397175
  132   132    2254362  76096.559654  58431.8807472182140    24.43    27.44          3      0.40578  210028.893924   75628.893925
  133   133    2254369  76096.795968  58431.8807499533310     5.00     5.60          2      0.40658  210029.130225   75629.130225
  134   134    2255195  76124.677595  58431.8810726573440     5.34     7.49          2      0.40047  210057.010229   75657.010230
  135   135    2258466  76235.091257  58431.8823505932540     6.19     7.71          2      0.40692  210247.417470   75767.417470
  136   136    2259626  76274.247349  58431.8828037887620     5.19     8.85          3      0.40647  210326.571284   75806.571285
  137   137    2261498  76337.437059  58431.8835351511420     5.17     5.17          1      0.40286  210429.757320   75869.757320
  138   138    2261643  76342.331699  58431.8835918020740     5.99     6.46          2      0.40636  210434.651675   75874.651675
  139   139    2261690  76343.918151  58431.8836101637890     5.13     5.13          1      0.40503  210436.238035   75876.238035
  140   140    2266239  76497.470615  58431.8853873913730     9.10     9.80          3      0.39942  210709.781570   76029.781570
  141   141    2276229  76834.685805  58431.8892903449730    10.96    10.96          1      0.40422  211246.977155   76366.977155
  142   142    2276566  76846.061371  58431.8894220066050     9.20    13.83          3      0.40583  211258.352060   76378.352060
  143   143    2278706  76918.297189  58431.8902580693120     5.18     6.34          2      0.39303  211410.583679   76450.583680
  144   144    2279962  76960.694149  58431.8907487748740     8.01    13.31          3      0.40331  211452.978174   76492.978175
  145   145    2282850  77058.179424  58431.8918770766720     7.52     9.59          2      0.40608  211630.457785   76590.457785
  146   146    2284524  77114.685683  58431.8925310843010     6.18     7.74          2      0.40511  211726.960760   76646.960760
  147   147    2285020  77131.428416  58431.8927248659200     5.48     6.32          2      0.40883  211743.702520   76663.702520
  148   148    2286617  77185.335109  58431.8933487859840     5.15     5.15          1      0.39542  211837.606079   76717.606080
  149   149    2288093  77235.157889  58431.8939254385280     6.36     6.36          1      0.39572  211927.425965   76767.425965
  150   150    2288363  77244.272013  58431.8940309260800     7.99     7.99          1      0.40208  211936.539560   76776.539560
  151   151    2290787  77326.094387  58431.8949779442940     5.00     5.88          2      0.39114  212058.357180   76858.357180
  152   152    2298134  77574.094200  58431.8978483124990     5.13     5.13          1      0.38900  212506.342585   77106.342585
