             hhmmss.xxx   hhmmss.xxx          sec          sec                 day                 day             sec             sec                 day                 day              sec             sec
      nGTI     UTCstart       UTCend     sodStart       sodEnd         MJDobsStart           MJDobsEnd        TDBstart          TDBend         MJDtdbStart           MJDtdbEnd     duration_sec       accum_sec
         0 130000.00000 133958.99999  46800.00000  49198.99999  58431.541666666662  58431.569432870246    47265.996624    49665.141898  58431.547060146112  58431.574828031219      2398.145284     2398.145284
         1 143000.00000 143300.99999  52200.00000  52380.99999  58431.604166666662  58431.606261573952    52666.323201    52847.334039  58431.609563925939  58431.611658958784       180.010847     2578.156131
         2 143400.00000 145514.99999  52440.00000  53714.99999  58431.606944444442  58431.621701388774    52906.337664    54181.414343  58431.612341871104  58431.627099703040      1274.076689     3852.232820
         3 145718.00000 150958.99999  53838.00000  54598.99999  58431.623125000000  58431.631932870246    54304.421810    55065.467471  58431.628523400576  58431.637331799437       760.045672     4612.278492
         4 161000.00000 163708.99999  58200.00000  59828.99999  58431.673611111104  58431.692465277670    58666.683201    60295.780272  58431.679012537050  58431.697867827226      1628.097081     6240.375573
         5 164548.00000 164958.99999  60348.00000  60598.99999  58431.698472222221  58431.701377314701    60814.811234    61065.826096  58431.703875130022  58431.706780394624       250.014871     6490.390444
         6 174000.00000 174730.99999  63600.00000  64050.99999  58431.736111111104  58431.741331018406    64067.004188    64518.030794  58431.741516252173  58431.746736467520       450.026616     6940.417061
         7 174851.00000 181958.99999  64131.00000  65998.99999  58431.742256944448  58431.763877314701    64598.035593    66466.145784  58431.747662448998  58431.769284094720      1867.110201     8807.527262
         8 191000.00000 192936.99999  69000.00000  70176.99999  58431.798611111104  58431.812233796186    69467.322298    70644.391212  58431.804019934003  58431.817643416806      1176.068924     9983.596186
         9 193029.00000 194958.99999  70229.00000  71398.99999  58431.812835648141  58431.826377314701    70696.394325    71866.462710  58431.818245304691  58431.831787762854      1169.068395    11152.664581
        10 205000.00000 210754.99999  75000.00000  76074.99999  58431.868055555558  58431.880497685069    75467.672823    76542.735295  58431.873468435456  58431.885911288141      1074.062482    12226.727063
        11 211045.00000 212336.99999  76245.00000  77016.99999  58431.882465277773  58431.891400462848    76712.745248    77484.790046  58431.887878995917  58431.896814699610       771.044808    12997.771871
        12 212501.00000 212605.99999  77101.00000  77165.99999  58431.892372685184  58431.893124999885    77568.794994    77633.798702  58431.897786979098  58431.898539336832        64.003718    13061.775589
        13 212639.00000 212842.99999  77199.00000  77322.99999  58431.893506944435  58431.894942129510    77666.800687    77790.807821  58431.898921304243  58431.900356572006       123.007144    13184.782734
        14 212947.00000 212958.99999  77387.00000  77398.99999  58431.895682870374  58431.895821759142    77854.811606    77866.812235  58431.901097356557  58431.901236252723        11.000639    13195.783372
