yyyy doy mn dd    MJD                 P0ms           Pdot0                  nu0            nudot0_15       tJPLms        SNthr 
2018 312 11 08  58430     33.7551884748710   4.200554E-013     29.6250752901128        -368659.58396      18.2360         0.00 
nGRPmax
    162
 nGRP  nORG  NSEQpulse        TDBsec                  MJD   peakSN    sumSN  Nsubpulse        phase       UThhmmss          UTsec
    0     0    1490484  50311.615788  58430.5823103679100     6.05     6.05          1      0.39886  135050.688300   49850.688300
    1     1    1492184  50369.000007  58430.5829745371140     5.47     5.47          1      0.40961  135148.068970   49908.068970
    2     2    1493164  50402.080148  58430.5833574091260     7.63     9.47          2      0.41067  135221.147064   49941.147065
    3     3    1497202  50538.383512  58430.5849349943550     9.26     9.26          1      0.40553  135437.442000   50077.442000
    4     4    1501285  50676.206464  58430.5865301674110     5.17     7.50          2      0.41828  135655.256430   50215.256430
    5     5    1501852  50695.345167  58430.5867516801790     5.16     5.16          1      0.40344  135714.393949   50234.393950
    6     6    1502273  50709.556125  58430.5869161588610     8.43    10.67          3      0.40392  135728.604030   50248.604030
    7     7    1505539  50819.801131  58430.5881921427200     5.14     5.14          1      0.41842  135918.842219   50358.842220
    8     8    1507606  50889.572678  58430.5889996837760    26.69    26.69          2      0.40447  140028.609454   50428.609455
    9     9    1508128  50907.192913  58430.5892036216700     9.46     9.46          1      0.40489  140046.228600   50446.228600
   10    10    1516813  51200.357109  58430.5925967257980     5.19     7.52          2      0.41078  140539.374680   50739.374680
   11    11    1517839  51234.989679  58430.5929975657220    10.48    11.17          2      0.40261  140614.005109   50774.005110
   12    12    1521071  51344.086119  58430.5942602560130     5.11     5.11          1      0.39081  140803.094810   50883.094810
   13    13    1521577  51361.166609  58430.5944579468670     5.01     6.41          2      0.40128  140820.174245   50900.174245
   14    14    1524047  51444.541769  58430.5954229371390     5.34     7.52          2      0.39508  140943.544255   50983.544255
   15    15    1526062  51512.558780  58430.5962101710720     6.14     8.54          2      0.40286  141051.557065   51051.557065
   16    16    1527781  51570.584509  58430.5968817651460     5.35     5.35          1      0.41836  141149.579210   51109.579210
   17    17    1528515  51595.360399  58430.5971685231360     5.47     5.47          1      0.40550  141214.353569   51134.353570
   18    18    1533421  51760.963644  58430.5990852273660     7.95     7.95          1      0.41094  141459.946589   51299.946590
   19    19    1537008  51882.043135  58430.6004866103550     8.60    11.14          2      0.39767  141701.018604   51421.018605
   20    20    1544285  52127.680056  58430.6033296302720     5.88     8.32          2      0.40522  142106.640364   51666.640365
   21    21    1547945  52251.224144  58430.6047595387010    10.86    16.49          3      0.40578  142310.176829   51790.176830
   22    22    1548494  52269.756178  58430.6049740298370     5.32    11.37          4      0.41831  142328.707719   51808.707720
   23    23    1551136  52358.937120  58430.6060062166660     5.07     6.44          2      0.40872  142457.883159   51897.883160
   24    24    1551987  52387.662792  58430.6063386897280    28.35    33.87          3      0.40836  142526.607060   51926.607060
   25    25    1552729  52412.708902  58430.6066285752580     5.37     6.16          2      0.40078  142551.651624   51951.651625
   26    26    1555466  52505.097086  58430.6076978829310     5.82     6.85          2      0.40589  142724.034110   52044.034110
   27    27    1558047  52592.219545  58430.6087062447360     5.03     5.03          1      0.41361  142851.151194   52131.151195
   28    28    1559682  52647.408889  58430.6093450102910     7.59     9.81          2      0.40100  142946.337135   52186.337135
   29    29    1559746  52649.569632  58430.6093700188930     5.31     6.58          2      0.41314  142948.497745   52188.497745
   30    30    1649144  55667.218192  58430.6442965068540     5.46     9.84          3      0.41867  152005.960599   55205.960600
   31    31    1651158  55735.200736  58430.6450833418500     6.53     6.53          1      0.40525  152113.938970   55273.938970
   32    32    1656944  55930.508755  58430.6473438513280     5.36     6.18          2      0.41603  152429.235000   55469.235000
   33    33    1657569  55951.605905  58430.6475880313090     5.14     7.66          2      0.42025  152450.330855   55490.330855
   34    34    1657715  55956.534023  58430.6476450697090     5.15     5.34          2      0.41600  152455.258670   55495.258670
   35    35    1659069  56002.238308  58430.6481740544900     5.72     8.51          2      0.40794  152540.960149   55540.960150
   36    36    1662613  56121.867059  58430.6495586465150     5.02     7.43          2      0.41622  152740.581559   55660.581560
   37    37    1664151  56173.782555  58430.6501595203200     5.22     6.93          2      0.41561  152832.493869   55712.493870
   38    38    1668419  56317.849473  58430.6518269614850     5.56     7.87          2      0.40594  153056.551950   55856.551950
   39    39    1669174  56343.334677  58430.6521219291260     5.26     7.55          2      0.40647  153122.035589   55882.035590
   40    40    1670367  56383.605067  58430.6525880216060     5.08     5.08          1      0.41897  153202.303509   55922.303510
   41    41    1670494  56387.891670  58430.6526376350720    20.68    21.06          2      0.40983  153206.589849   55926.589850
   42    42    1675416  56554.034494  58430.6545605844220     5.35     5.35          1      0.40006  153452.722484   56092.722485
   43    43    1681507  56759.637485  58430.6569402486660    10.59    12.16          2      0.39983  153818.312870   56298.312870
   44    44    1688653  57000.852579  58430.6597320900350     9.13    14.39          3      0.41011  154219.513180   56539.513180
   45    45    1688845  57007.333301  58430.6598070983940     7.04     7.04          1      0.40186  154225.993504   56545.993505
   46    46    1689222  57020.059466  58430.6599543919620     5.10     5.85          2      0.41517  154238.718889   56558.718890
   47    47    1693045  57149.105243  58430.6614479773440     5.34     9.04          2      0.40331  154447.756759   56687.756760
   48    48    1693085  57150.455195  58430.6614636017920     5.17     5.17          1      0.39572  154449.106630   56689.106630
   49    49    1694024  57182.151472  58430.6618304568580     5.03     5.03          1      0.39964  154520.800965   56720.800965
   50    50    1697302  57292.800925  58430.6631111218180     5.19     7.76          2      0.39569  154711.443639   56831.443640
   51    51    1701310  57428.092086  58430.6646769917310     5.49     6.49          2      0.40364  154926.726515   56966.726515
   52    52    1703846  57513.695133  58430.6656677677440     5.09     5.09          1      0.39853  155052.324319   57052.324320
   53    53    1706683  57609.458766  58430.6667761431300    11.90    11.90          1      0.40136  155228.082090   57148.082090
   54    54    1707247  57628.496306  58430.6669964850180     5.09     5.79          2      0.38950  155247.118464   57167.118465
   55    55    1709884  57717.509445  58430.6680267296900    45.92    49.42          2      0.40856  155416.126154   57256.126155
   56    56    1710683  57744.479626  58430.6683388845570     5.20     5.20          1      0.40161  155443.094684   57283.094685
   57    57    1714603  57876.799874  58430.6698703689090     5.64     5.64          1      0.39611  155655.406835   57415.406835
   58    58    1714910  57887.163003  58430.6699903125380     5.24     5.24          1      0.40436  155705.769330   57425.769330
   59    59    1715673  57912.918529  58430.6702884089090     5.06     5.41          2      0.41322  155731.523280   57451.523280
   60    60    1717299  57967.804102  58430.6709236585860     5.15     5.15          1      0.40128  155826.405494   57506.405495
   61    61    1718473  58007.433087  58430.6713823273980     9.31    32.64          7      0.41208  155906.032055   57546.032055
   62    62    1828120  61708.590522  58430.7142197977090     5.03     5.86          2      0.39811  170046.963730   61246.963730
   63    63    1830148  61777.046390  58430.7150121110020    19.97    20.73          2      0.40678  170155.415435   61315.415435
   64    64    1831949  61837.839331  58430.7157157330050    16.40    20.67          3      0.40086  170256.204680   61376.204680
   65    65    1837239  62016.404296  58430.7177824571260     5.01     5.59          2      0.39731  170554.758789   61554.758790
   66    66    1837598  62028.522462  58430.7179227136770    25.85    26.70          2      0.39861  170606.876219   61566.876220
   67    67    1847582  62365.535120  58430.7218233231490     5.34     5.58          2      0.41625  171143.868399   61903.868400
   68    68    1848838  62407.931230  58430.7223140188670    28.59    37.05          4      0.40322  171226.261935   61946.261935
   69    69    1851921  62511.998816  58430.7235185048060     5.30     5.49          2      0.41089  171410.323199   62050.323200
   70    70    1854979  62615.222079  58430.7247132185090    12.87    15.52          2      0.40547  171553.540195   62153.540195
   71    71    1856168  62655.356766  58430.7251777403520     9.02    11.54          2      0.39767  171633.672444   62193.672445
   72    72    1860094  62787.879881  58430.7267115726980     5.36     5.36          1      0.40186  171846.187514   62326.187515
   73    73    1860117  62788.656374  58430.7267205598850    11.72    12.75          2      0.40547  171846.963960   62326.963960
   74    74    1862053  62854.006365  58430.7274769255300    14.75    30.38          4      0.40239  171952.309984   62392.309985
   75    75    1863440  62900.825007  58430.7280188079490     8.43     8.43          1      0.40708  172039.125784   62439.125785
   76    76    1873180  63229.600325  58430.7318240778370     5.06     8.08          2      0.39300  172607.881155   62767.881155
   77    77    1876666  63347.271682  58430.7331860148350     5.00     5.00          1      0.41308  172805.545375   62885.545375
   78    78    1889527  63781.397261  58430.7382106164480     5.89     5.89          1      0.40586  173519.644634   63319.644635
   79    79    1890080  63800.063357  58430.7384266592260     5.40     5.45          2      0.38992  173538.309600   63338.309600
   80    80    1893822  63926.376331  58430.7398886149380     5.12     5.12          1      0.41831  173744.614919   63464.614920
   81    81    1894421  63946.595106  58430.7401226285440     7.80     7.80          1      0.40056  173804.832470   63484.832470
   82    82    1895366  63978.494204  58430.7404918310660     5.45     8.93          2      0.41297  173836.729635   63516.729635
   83    83    1992657  67262.572983  58430.7785020021120     5.05     7.09          2      0.41464  183320.609985   66800.609985
   84    84    1994461  67323.466943  58430.7792067933180     8.49    13.46          3      0.40125  183421.500274   66861.500275
   85    85    1995548  67360.159038  58430.7796314703490    19.08    23.13          3      0.40644  183458.190159   66898.190160
   86    86    1996611  67396.041095  58430.7800467719300     5.01     5.30          2      0.41419  183534.070055   66934.070055
   87    87    1999141  67481.441946  58430.7810352077060     5.29     5.29          1      0.41869  183659.465760   67019.465760
   88    88    1999224  67484.242684  58430.7810676236540     5.08     6.39          2      0.39072  183702.266329   67022.266330
   89    89    2000136  67515.028054  58430.7814239358080     5.92     5.92          1      0.40883  183733.049845   67053.049845
   90    90    2002565  67597.019728  58430.7823729135230     5.63     5.63          1      0.41631  183855.036579   67135.036580
   91    91    2004656  67667.601644  58430.7831898338430     9.01     9.59          2      0.40914  184005.614245   67205.614245
   92    92    2005064  67681.374093  58430.7833492371840     5.04     5.04          1      0.41864  184019.385865   67219.385865
   93    93    2005582  67698.858831  58430.7835516068350     6.32     6.32          1      0.40489  184036.869550   67236.869550
   94    94    2006274  67722.217848  58430.7838219658240     5.04     8.59          2      0.41692  184100.227159   67260.227160
   95    95    2007607  67767.213122  58430.7843427444740     5.25     5.43          2      0.40419  184145.219725   67305.219725
   96    96    2012494  67932.174679  58430.7862520217470     8.32     8.96          2      0.39861  184430.171350   67470.171350
   97    97    2014732  68007.719517  58430.7871263832960     5.20     5.71          2      0.41822  184545.711639   67545.711640
   98    98    2015962  68049.238176  58430.7876069233280     9.54    12.13          2      0.41058  184627.227799   67587.227800
   99    99    2018769  68143.989224  58430.7887035789820     5.20     5.20          1      0.41514  184801.973144   67681.973145
  100   100    2020628  68206.739885  58430.7894298597760     5.39     5.64          2      0.40661  184904.720029   67744.720030
  101   101    2021486  68235.702338  58430.7897650733570     5.10     5.96          2      0.42072  184933.680739   67773.680740
  102   102    2025790  68380.983929  58430.7914465732480     5.04     5.04          1      0.39514  185158.953590   67918.953590
  103   103    2027647  68443.667630  58430.7921720790530     5.11     5.32          2      0.40292  185301.633520   67981.633520
  104   104    2029321  68500.173964  58430.7928260875520    20.52    20.52          1      0.40589  185358.136454   68038.136455
  105   105    2039241  68835.025539  58430.7967016844800     5.92     7.97          2      0.40056  185932.967894   68372.967895
  106   106    2039334  68838.165118  58430.7967380221950     5.07     5.07          1      0.41072  185936.107285   68376.107285
  107   107    2041843  68922.856614  58430.7977182478460     6.92     6.92          1      0.40053  190100.793690   68460.793690
  108   108    2042472  68944.089141  58430.7979639946880     5.25     5.59          2      0.41519  190122.024940   68482.024940
  109   109    2043803  68989.016826  58430.7984839910400     5.15     6.06          2      0.40011  190206.949924   68526.949925
  110   110    2044036  68996.881614  58430.7985750186750     5.00     5.00          1      0.39483  190214.814240   68534.814240
  111   111    2047690  69120.223541  58430.8000025872770     5.30     9.58          3      0.40558  190418.148755   68658.148755
  112   112    2051510  69249.168234  58430.8014950027010    30.82    35.75          3      0.39853  190627.085699   68787.085700
  113   113    2053668  69322.012211  58430.8023381042940     5.39     6.67          2      0.40494  190739.925300   68859.925300
  114   114    2054396  69346.585862  58430.8026225215490    12.24    15.04          2      0.40058  190804.497474   68884.497475
  115   115    2055138  69371.632056  58430.8029124080510     5.28     7.75          3      0.39536  190829.542165   68909.542165
  116   116    2055906  69397.556279  58430.8032124569340    12.86    13.21          2      0.40172  190855.464829   68935.464830
  117   117    2146838  72466.985741  58430.8387382608900     9.95     9.95          1      0.40039  200004.710315   72004.710315
  118   118    2152683  72664.285151  58430.8410218188800     5.90     8.34          2      0.40497  200321.997925   72201.997925
  119   119    2152755  72666.715616  58430.8410499492610     5.78     7.45          2      0.40764  200324.428245   72204.428245
  120   120    2153597  72695.137546  58430.8413789067900     7.99    10.10          2      0.40867  200352.848475   72232.848475
  121   121    2156122  72780.369352  58430.8423653860100     5.07     7.16          2      0.40508  200518.075184   72318.075185
  122   122    2158186  72850.040013  58430.8431717594110     5.32     7.78          2      0.40178  200627.741680   72387.741680
  123   123    2163824  73040.352140  58430.8453744460670     6.41    12.36          4      0.40772  200938.042430   72578.042430
  124   124    2166189  73120.183031  58430.8462984147070    10.39    11.76          2      0.40175  201057.868549   72657.868550
  125   125    2169286  73224.723584  58430.8475083748100     5.23     8.62          3      0.42067  201242.402854   72762.402855
  126   126    2175208  73424.621173  58430.8498220043140     5.18     5.18          1      0.39639  201602.288499   72962.288500
  127   127    2177093  73488.250629  58430.8505584563580     5.38     5.38          1      0.42211  201705.914155   73025.914155
  128   128    2180250  73594.815845  58430.8517918500610     5.21     5.21          1      0.42175  201852.473005   73132.473005
  129   129    2185264  73764.063778  58430.8537507381760     6.02     6.02          1      0.39992  202141.710829   73301.710830
  130   130    2190403  73937.532207  58430.8557584746110    46.91    50.28          2      0.41047  202435.168900   73475.168900
  131   131    2191230  73965.448118  58430.8560815754370     5.15     9.70          3      0.42069  202503.083144   73503.083145
  132   132    2192054  73993.261934  58430.8564034946050     5.74     5.74          1      0.40631  202530.895300   73530.895300
  133   133    2195332  74103.911265  58430.8576841581570     8.01    10.46          2      0.39806  202721.538025   73641.538025
  134   134    2202438  74343.775912  58430.8604603693570     6.48     6.48          1      0.39969  203121.388355   73881.388355
  135   135    2202889  74359.000055  58430.8606365747070     5.12     8.05          2      0.41569  203136.611590   73896.611590
  136   136    2203180  74368.822407  58430.8607502593410    10.01    10.01          1      0.40331  203146.433355   73906.433355
  137   137    2204460  74412.029290  58430.8612503390080     7.50    11.91          2      0.40931  203229.637659   73949.637660
  138   138    2206652  74486.020325  58430.8621067167230     5.61     6.87          2      0.39725  203343.624280   74023.624280
  139   139    2209156  74570.543839  58430.8630849981310    29.96    34.52          2      0.41039  203508.142749   74108.142750
  140   140    2213575  74719.707873  58430.8648114337150    11.75    11.75          1      0.40203  203737.297885   74257.297885
  141   141    2215007  74768.045476  58430.8653708967040     5.87     6.82          2      0.40583  203825.632605   74305.632605
  142   142    2328557  78600.950582  58430.9097332243200     5.01     5.89          2      0.39983  214218.309504   78138.309505
  143   143    2337922  78917.068455  58430.9133919960060    10.41    10.41          1      0.40642  214734.408590   78454.408590
  144   144    2339308  78963.853210  58430.9139334862210     5.77     5.77          1      0.40697  214821.190564   78501.190565
  145   145    2341067  79023.228173  58430.9146206964480     5.01     7.15          2      0.39300  214920.562000   78560.562000
  146   146    2349018  79291.616205  58430.9177270394110     8.31     8.85          2      0.40081  215348.934085   78828.934085
  147   147    2356709  79551.228062  58430.9207318062720     5.10     5.43          2      0.41400  215808.530520   79088.530520
  148   148    2356916  79558.215242  58430.9208126764160    14.41    15.38          2      0.40953  215815.517284   79095.517285
  149   149    2359897  79658.839539  58430.9219773094780     8.08     8.48          2      0.40894  215956.135605   79196.135605
  150   150    2361370  79708.560662  58430.9225527854460     5.69     6.81          2      0.39950  220045.853774   79245.853775
  151   151    2361698  79719.632410  58430.9226809306750     5.43    10.51          3      0.40053  220056.924864   79256.924865
  152   152    2362998  79763.514361  58430.9231888236290     7.05     7.09          2      0.40536  220140.804210   79300.804210
  153   153    2365629  79852.324510  58430.9242167188610     5.11     5.75          2      0.41011  220309.609085   79389.609085
  154   154    2372745  80092.526415  58430.9269968335100     5.04     9.62          3      0.40253  220709.796724   79629.796725
  155   155    2374338  80146.298972  58430.9276192010620     5.17     5.17          1      0.41700  220803.566089   79683.566090
  156   156    2375228  80176.340631  58430.9279669054460     6.73     6.73          1      0.40253  220833.605964   79713.605965
  157   157    2376432  80216.981719  58430.9284372884100    36.97    39.95          2      0.39661  220914.244640   79754.244640
  158   158    2377563  80255.159081  58430.9288791560320    21.14    25.33          2      0.40272  220952.419735   79792.419735
  159   159    2379738  80328.576455  58430.9297288941570     5.06     5.06          1      0.39578  221105.832750   79865.832750
  160   160    2386978  80572.964484  58430.9325574593020     6.18     9.32          2      0.40228  221510.206269   80110.206270
  161   161    2387243  80581.909455  58430.9326609890690     5.01     5.01          1      0.39744  221519.150710   80119.150710
  162   162    2388553  80626.129240  58430.9331727921280     5.18     5.18          1      0.41058  221603.367870   80163.367870
