             hhmmss.xxx   hhmmss.xxx          sec          sec                 day                 day             sec             sec                 day                 day              sec             sec
      nGTI     UTCstart       UTCend     sodStart       sodEnd         MJDobsStart           MJDobsEnd        TDBstart          TDBend         MJDtdbStart           MJDtdbEnd     duration_sec       accum_sec
         0 135000.00000 142958.99999  49800.00000  52198.99999  58430.576388888896  58430.604155092480    50260.968039    52660.116150  58430.581724167117  58430.609492085069      2398.148121     2398.148121
         1 152000.00000 155958.99999  55200.00000  57598.99999  58430.638888888896  58430.666655092480    55661.300912    58060.447888  58430.644228019814  58430.671995924634      2398.146986     4796.295106
         2 170000.00000 170738.99999  61200.00000  61658.99999  58430.708333333338  58430.713645833216    61661.667623    62120.695458  58430.713676708595  58430.718989530765       458.027845     5254.322951
         3 171136.00000 173044.99999  61896.00000  63044.99999  58430.716388888896  58430.729687499891    62357.709929    63506.779593  58430.721732753805  58430.735032171213      1148.069674     6402.392625
         4 173505.00000 173958.99999  63305.00000  63598.99999  58430.732696759258  58430.736099536922    63766.795425    64060.813169  58430.738041613722  58430.741444596864       293.017754     6695.410379
         5 183000.00000 184640.99999  66600.00000  67600.99999  58430.770833333338  58430.782418981363    67061.994593    68063.054822  58430.776180492979  58430.787766838208      1000.060239     7695.470618
         6 184725.00000 190958.99999  67645.00000  68998.99999  58430.782928240742  58430.798599536922    68107.057540    69461.138882  58430.788276128934  58430.803948366682      1353.081352     9048.551970
         7 200000.00000 200358.99999  72000.00000  72238.99999  58430.833333333338  58430.836099536922    72462.318831    72701.333056  58430.838684245734  58430.841450614080       238.014235     9286.566205
         8 200507.00000 200750.99999  72307.00000  72470.99999  58430.836886574080  58430.838784722112    72769.337192    72933.346928  58430.842237698982  58430.844135959821       163.009746     9449.575950
         9 200907.00000 201750.99999  72547.00000  73070.99999  58430.839664351846  58430.845729166554    73009.351541    73533.382785  58430.845015642842  58430.851080819264       523.031254     9972.607204
        10 201816.00000 201853.99999  73096.00000  73133.99999  58430.846018518515  58430.846458333222    73558.384348    73596.386548  58430.851370189210  58430.851810029491        37.002210    10009.609414
        11 201919.00000 201936.99999  73159.00000  73176.99999  58430.846747685184  58430.846956018406    73621.388111    73639.389117  58430.852099399437  58430.852307744410        17.001015    10026.610430
        12 202045.00000 202605.99999  73245.00000  73565.99999  58430.847743055552  58430.851458333210    73707.393248    74028.412347  58430.853094829261  58430.856810328090       320.019109    10346.629539
        13 202627.00000 202803.99999  73587.00000  73683.99999  58430.851701388890  58430.852824073958    74049.413671    74146.419392  58430.857053398963  58430.858176150362        96.005731    10442.635270
        14 202836.00000 203958.99999  73716.00000  74398.99999  58430.853194444442  58430.861099536922    74178.421372    74861.462058  58430.858546543654  58430.866452107149       682.040696    11124.675966
        15 214000.00000 214050.99999  78000.00000  78050.99999  58430.902777777779  58430.903368055437    78462.676542    78513.679505  58430.908132830349  58430.908723142426        50.002972    11174.678939
        16 214159.00000 214501.99999  78119.00000  78301.99999  58430.904155092595  58430.906273148032    78581.683617    78764.694425  58430.909510227046  58430.911628407693       182.010818    11356.689757
        17 214705.00000 215149.99999  78425.00000  78709.99999  58430.907696759258  58430.910995370253    78887.701804    79172.718671  58430.913052104218  58430.916350910541       284.016877    11640.706633
        18 215238.00000 215415.99999  78758.00000  78855.99999  58430.911550925926  58430.912685185062    79220.721592    79318.727345  58430.916906499904  58430.918040825754        97.005763    11737.712396
        19 215614.00000 220359.99999  78974.00000  79439.99999  58430.914050925926  58430.919444444326    79436.734425    79902.762036  58430.919406648435  58430.924800486528       465.027620    12202.740017
        20 220650.00000 221305.99999  79610.00000  79985.99999  58430.921412037043  58430.925763888768    80072.772201    80448.794457  58430.926768196774  58430.931120306214       375.022266    12577.762283
        21 221509.00000 221700.99999  80109.00000  80220.99999  58430.927187499994  58430.928483796186    80571.801829    80683.808409  58430.932544002650  58430.933840375091       111.006589    12688.768873
