yyyy doy mn dd    MJD                 P0ms           Pdot0                  nu0            nudot0_15       tJPLms        SNthr 
2017 221 08 09  57974     33.7386455638600   4.196976E-013     29.6396012136058        -368706.86500       5.4986        50.00 
nGRPmax
    222
 nGRP  nORG  NSEQpulse        TDBsec                  MJD   peakSN    sumSN  Nsubpulse        phase       UThhmmss          UTsec
    0    43    1789902  60388.897286  57974.6989455704450    84.86   105.05          4     -0.00197  165021.686665   60621.686665
    1    53    1790938  60423.850459  57974.6993501210500   348.82   404.79          4     -0.00467  165056.637045   60656.637045
    2    67    1792731  60484.344172  57974.7000502797700    58.36   106.36          6      0.00353  165157.125925   60717.125925
    3    74    1793102  60496.860967  57974.7001951500800   130.39   288.67          7     -0.00378  165209.641719   60729.641720
    4   175    1802942  60828.849681  57974.7040376120450   219.23   247.30          3      0.00189  165741.603909   61061.603910
    5   209    1807298  60975.815074  57974.7057386003970    50.17    66.79          4     -0.00581  170008.557560   61208.557560
    6   216    1808135  61004.054615  57974.7060654469380    85.80   139.07          6      0.00217  170036.794844   61236.794845
    7   302    1817056  61305.037129  57974.7095490408450   109.15   132.32          3     -0.00278  170537.753310   61537.753310
    8   353    1823419  61519.716523  57974.7120337560580    63.98    96.51          4      0.00400  170912.415549   61752.415550
    9   445    1834456  61892.090105  57974.7163436354690   144.61   174.60          4     -0.00019  171524.759375   62124.759375
   10   465    1836238  61952.212444  57974.7170394958850    54.20    59.25          2      0.00078  171624.876909   62184.876910
   11   518    1842028  62147.559425  57974.7193004563070    54.19    61.01          3      0.00289  171940.208279   62380.208280
   12   548    1846041  62282.952514  57974.7208675059460   209.32   241.44          4     -0.00303  172155.590550   62515.590550
   13   568    1849120  62386.834026  57974.7220698382720   128.49   161.66          4      0.00117  172339.463759   62619.463760
   14   588    1851255  62458.866023  57974.7229035419260    74.60    82.51          3     -0.00083  172451.489999   62691.490000
   15   612    1853330  62528.873717  57974.7237138161660    84.20    95.46          3     -0.00231  172601.492100   62761.492100
   16   634    1856375  62631.607962  57974.7249028699260    91.56   107.48          3     -0.00278  172744.218135   62864.218135
   17   635    1856776  62645.137374  57974.7250594603520    75.82    95.07          3      0.00328  172757.746464   62877.746465
   18   653    1858792  62713.154274  57974.7258466929790    87.94   107.78          4     -0.00433  172905.757929   62945.757930
   19   670    1861426  62802.021836  57974.7268752527360   105.78   124.10          4     -0.00728  173034.618390   63034.618390
   20   671    1861766  62813.493328  57974.7270080246270   113.70   135.89          6      0.00272  173046.088965   63046.088965
   21   723    1868417  63037.889201  57974.7296051990910   157.60   184.42          5      0.00172  173430.466905   63270.466905
   22   779    1875113  63263.803231  57974.7322199448060   120.16   134.96          3     -0.00164  173816.362880   63496.362880
   23   857    1884113  63567.451337  57974.7357343904770    87.30   100.62          4      0.00006  174319.986720   63799.986720
   24   952    1894489  63917.523699  57974.7397861539200    81.05   116.43          3     -0.00314  174910.031105   64150.031105
   25  1013    1900047  64105.043390  57974.7419565207170    65.89    88.64          4      0.00144  175217.535810   64337.535810
   26  1027    1901137  64141.818434  57974.7423821577980    64.76    74.86          3     -0.00194  175254.307914   64374.307915
   27  1033    1901949  64169.214353  57974.7426992401920    73.64    88.53          5      0.00153  175321.701645   64401.701645
   28  1043    1903350  64216.482226  57974.7432463220610    64.80    77.14          4      0.00147  175408.965739   64448.965740
   29  1068    1906073  64308.352408  57974.7443096343420   214.06   244.21          3     -0.00517  175540.828580   64540.828580
   30  1132    1914334  64587.067741  57974.7475355062660    72.40    83.13          3     -0.00044  180019.521639   64819.521640
   31  1138    1915116  64613.451469  57974.7478408734850   107.10   148.56          5      0.00211  180045.903259   64845.903260
   32  1182    1919860  64773.507665  57974.7496933757440    56.89   137.18          5     -0.00006  180325.946665   65005.946665
   33  1201    1921629  64833.191254  57974.7503841580290    85.40    98.07          3     -0.00369  180425.625484   65065.625485
   34  1203    1921813  64839.399350  57974.7504560109950   128.90   145.14          4      0.00164  180431.833084   65071.833085
   35  1275    1928935  65079.686022  57974.7532371067390    53.10    63.14          5     -0.00300  180832.100554   65312.100555
   36  1284    1929802  65108.937469  57974.7535756651520   218.20   254.03          4     -0.00247  180901.349665   65341.349665
   37  1285    1929842  65110.287122  57974.7535912861310   220.43   269.43          4      0.00083  180902.699209   65342.699210
   38  1394    1942517  65537.924793  57974.7585407962240   114.16   140.34          4      0.00056  181610.302710   65770.302710
   39  1424    1947534  65707.191667  57974.7604999035520    56.41    68.86          3     -0.00086  181859.556060   65939.556060
   40  1426    1947841  65717.549525  57974.7606197861630    54.57    61.29          3      0.00167  181909.913090   65949.913090
   41  1427    1947993  65722.677725  57974.7606791403390    56.59    87.99          4     -0.00067  181915.040880   65955.040880
   42  1433    1948466  65738.636170  57974.7608638445570    57.53    81.09          3      0.00089  181930.998049   65970.998050
   43  1444    1949801  65783.677139  57974.7613851520770    50.18    55.14          2     -0.00386  182016.035420   66016.035420
   44  1462    1951576  65843.563463  57974.7620782808190    69.45    82.15          5      0.00147  182115.916960   66075.916960
   45  1466    1951917  65855.068178  57974.7622114372480    99.55   115.84          4     -0.00381  182127.420754   66087.420755
   46  1493    1954314  65935.939774  57974.7631474510850    92.57   109.96          3     -0.00375  182248.285889   66168.285890
   47  1549    1960211  66134.896960  57974.7654501963010   108.68   133.22          4      0.00306  182607.227180   66367.227180
   48  1558    1960569  66146.975125  57974.7655899898750    85.60   103.74          4     -0.00525  182619.304380   66379.304380
   49  1568    1961462  66177.103782  57974.7659387011840   199.24   235.03          4     -0.00461  182649.430630   66409.430630
   50  1603    1965478  66312.598327  57974.7675069250820   115.06   140.66          5     -0.00364  182904.914350   66544.914350
   51  1631    1967913  66394.752015  57974.7684577779460   235.59   341.81          4     -0.00325  183027.061474   66627.061475
   52  1653    1970369  66477.614240  57974.7694168314880    59.51    62.41          2     -0.00181  183149.917079   66709.917080
   53  1700    1976386  66680.619688  57974.7717664315780    53.03    72.62          5     -0.00628  183512.906310   66912.906310
   54  1701    1976540  66685.815583  57974.7718265692420    50.26    68.34          3     -0.00217  183518.101790   66918.101790
   55  1702    1976695  66691.045035  57974.7718870953090    75.93    96.53          4     -0.00356  183523.330824   66923.330825
   56  1716    1977897  66731.598825  57974.7723564678780    61.12    93.81          3     -0.00639  183603.881374   66963.881375
   57  1808    1986489  67021.481666  57974.7757115933570   141.92   170.22          4     -0.00158  184053.741060   67253.741060
   58  1820    1987632  67060.045021  57974.7761579284860    66.05    96.30          4     -0.00022  184132.301334   67292.301335
   59  1859    1991618  67194.527498  57974.7777144386300    67.17    97.59          5      0.00358  184346.773069   67426.773070
   60  1874    1993051  67242.874735  57974.7782740131330    65.87    83.20          4     -0.00494  184435.116445   67475.116445
   61  1916    1997542  67394.395122  57974.7800277213180    75.38    93.77          3     -0.00472  184706.624729   67626.624730
   62  1957    2001908  67541.698246  57974.7817326185860    83.17   114.85          8     -0.00250  184933.916089   67773.916090
   63  1962    2002365  67557.116783  57974.7819110738820    58.53    76.31          4     -0.00378  184949.333394   67789.333395
   64  1996    2006315  67690.384646  57974.7834535260030    50.20   110.79          7     -0.00078  185202.590614   67922.590615
   65  2003    2007109  67717.173250  57974.7837635792770    50.36    79.45          6      0.00228  185229.377080   67949.377080
   66  2009    2007851  67742.207290  57974.7840533251200    72.36    80.26          3      0.00058  185254.409119   67974.409120
   67  2015    2008657  67769.400666  57974.7843680632700   162.30   200.26          5      0.00058  185321.600325   68001.600325
   68  2017    2008835  67775.406096  57974.7844375705470   265.66   311.22          4     -0.00103  185327.605274   68007.605275
   69  2048    2011382  67861.338553  57974.7854321591810    58.90    72.86          3      0.00075  185453.530870   68093.530870
   70  2208    2029995  68489.316486  57974.7927004222980    50.48    60.38          4      0.00047  190521.458660   68721.458660
   71  2222    2032457  68572.380968  57974.7936618167550    81.00    94.68          3     -0.00353  190644.516510   68804.516510
   72  2308    2043953  68960.240796  57974.7981509351420   128.49   187.49          4     -0.00289  191312.345375   69192.345375
   73  2351    2046967  69061.929308  57974.7993278855040    80.04   100.29          4      0.00164  191454.025769   69294.025770
   74  2359    2047830  69091.045602  57974.7996648796540    63.75    71.10          3     -0.00375  191523.139739   69323.139740
   75  2373    2050177  69170.230308  57974.8005813693060    92.23   102.91          3     -0.00283  191642.318125   69402.318125
   76  2379    2051099  69201.337516  57974.8009414064380   132.95   158.84          4      0.00175  191713.422850   69433.422850
   77  2452    2059561  69486.833972  57974.8042457635710   107.18   121.40          3     -0.00444  192158.896519   69718.896520
   78  2465    2060747  69526.848185  57974.8047088910340    63.46   121.74          5     -0.00014  192238.907540   69758.907540
   79  2471    2061317  69546.079215  57974.8049314723970    79.11    92.60          3     -0.00075  192258.137035   69778.137035
   80  2517    2065727  69694.866583  57974.8066535484160   135.34   147.04          3     -0.00614  192526.912530   69926.912530
   81  2578    2073630  69961.503509  57974.8097396239490    60.85    72.33          3     -0.00083  192953.528179   70193.528180
   82  2579    2073919  69971.253937  57974.8098524761220   201.46   228.72          4     -0.00228  193003.277830   70203.277830
   83  2597    2075942  70039.507193  57974.8106424443650    82.55    99.85          4     -0.00478  193111.525640   70271.525640
   84  2598    2076019  70042.105160  57974.8106725134340   105.17   138.99          3     -0.00211  193114.123399   70274.123400
   85  2611    2077468  70090.992506  57974.8112383391870    53.04    61.60          2     -0.00211  193203.006844   70323.006845
   86  2773    2094254  70657.329995  57974.8177931712380   138.11   160.11          4      0.00050  194129.299155   70889.299155
   87  2824    2098754  70809.153979  57974.8195503932670   409.42   490.07          4     -0.00094  194401.111030   71041.111030
   88  2964    2112547  71274.511499  57974.8249364756860    72.67    85.78          3     -0.00181  195146.431440   71506.431440
   89  2989    2115270  71366.381919  57974.8259997907330   355.63   425.64          4     -0.00178  195318.294534   71598.294535
   90  2990    2115298  71367.326790  57974.8260107267330    71.08   140.74          7      0.00394  195319.239329   71599.239330
   91  3017    2118112  71462.267264  57974.8271095748100    56.38   116.23          8     -0.00092  195454.172235   71694.172235
   92  3028    2119390  71505.385457  57974.8276086279680    67.17    83.37          4      0.00417  195537.286989   71737.286990
   93  3080    2124781  71687.270502  57974.8297137789570    74.77    87.84          4     -0.00061  195839.157535   71919.157535
   94  3110    2129077  71832.211731  57974.8313913394820   168.69   191.31          4     -0.00406  200104.087209   72064.087210
   95  3111    2129144  71834.472411  57974.8314175047550    80.41    91.78          4      0.00156  200106.347710   72066.347710
   96  3216    2139166  72172.601406  57974.8353310347900   132.01   220.83          5      0.00097  200644.449754   72404.449755
   97  3344    2154152  72678.209159  57974.8411829763840   107.51   141.88          4     -0.00019  201510.017219   72910.017220
   98  3389    2158302  72818.224618  57974.8428035256700    83.18    95.36          3     -0.00172  201730.021525   73050.021525
   99  3394    2158798  72834.959217  57974.8429972131580   133.02   168.99          5      0.00478  201746.754790   73066.754790
  100  3413    2161043  72910.702300  57974.8438738692100    53.42    80.86          4     -0.00244  201902.491840   73142.491840
  101  3431    2163676  72999.536466  57974.8449020424320    73.62    81.31          3      0.00442  202031.318929   73231.318930
  102  3469    2168692  73168.769566  57974.8468607588610    57.37    89.38          5      0.00144  202320.538549   73400.538550
  103  3506    2172733  73305.107669  57974.8484387461760    91.25   114.74          4      0.00458  202536.865795   73536.865795
  104  3530    2175174  73387.463512  57974.8493919388030   117.36   204.43          7     -0.00311  202659.215079   73619.215080
  105  3563    2179603  73536.892286  57974.8511214384900    76.35    92.38          4      0.00194  202928.631955   73768.631955
  106  3577    2181082  73586.791679  57974.8516989777660    74.98    86.59          3     -0.00131  203018.527375   73818.527375
  107  3622    2187265  73795.398003  57974.8541134028160   446.32   504.07          4      0.00144  203347.117089   74027.117090
  108  3626    2187981  73819.554686  57974.8543929940480    70.79    76.45          2     -0.00478  203411.271850   74051.271850
  109  3651    2189957  73886.222498  57974.8551646122500    65.68   101.65          6      0.00064  203517.934355   74117.934355
  110  3695    2195253  74064.902456  57974.8572326673150    63.52    84.17          3     -0.00139  203816.600090   74296.600090
  111  3753    2201886  74288.691237  57974.8598228152450    50.18    57.38          3      0.00272  204200.371060   74520.371060
  112  3754    2202062  74294.629190  57974.8598915415550    56.67    93.86          6      0.00111  204206.308539   74526.308540
  113  3845    2210832  74590.517295  57974.8633161724030   141.51   162.19          3     -0.00156  204702.173099   74822.173100
  114  3854    2211387  74609.242215  57974.8635328960130   216.07   243.74          4     -0.00292  204720.896529   74840.896530
  115  3865    2212255  74638.527520  57974.8638718462980    79.59    90.94          3      0.00089  204750.179504   74870.179505
  116  3896    2216557  74783.671308  57974.8655517512580   218.42   306.50          5      0.00086  205015.311744   75015.311745
  117  3904    2217256  74807.254414  57974.8658247038720   126.33   195.63          4     -0.00594  205038.892974   75038.892975
  118  3909    2217716  74822.774303  57974.8660043322110   132.75   156.98          4     -0.00286  205054.411630   75054.411630
  119  3910    2217858  74827.565305  57974.8660597836160    52.10    64.43          4      0.00036  205059.202250   75059.202250
  120  3927    2220424  74914.138751  57974.8670617910910    64.24    75.79          3      0.00042  205225.768809   75145.768810
  121  3930    2220695  74923.281924  57974.8671676148610    51.94    61.71          3      0.00000  205234.911254   75154.911255
  122  3956    2222936  74998.890203  57974.8680427106820    77.92   130.76          5     -0.00269  205350.513519   75230.513520
  123  3975    2225015  75069.032907  57974.8688545475330    74.24    89.89          3     -0.00300  205500.650645   75300.650645
  124  3982    2225689  75091.772846  57974.8691177412740    63.50   100.91          4     -0.00092  205523.388774   75323.388775
  125  4020    2228860  75198.758235  57974.8703559980930   127.48   250.77          5      0.00036  205710.365655   75430.365655
  126  4023    2229091  75206.551685  57974.8704462000640    69.06    76.93          3     -0.00511  205718.158485   75438.158485
  127  4082    2236068  75441.946539  57974.8731706775420    58.42    68.95          3     -0.00186  210113.534620   75673.534620
  128  4086    2236589  75459.524417  57974.8733741251970    99.04   114.24          3     -0.00108  210131.111099   75691.111100
  129  4093    2237289  75483.141604  57974.8736474722690   105.15   122.00          3      0.00231  210154.726410   75714.726410
  130  4160    2244114  75713.408012  57974.8763125927300    88.16    98.27          3      0.00039  210544.974510   75944.974510
  131  4218    2249845  75906.764463  57974.8785505146110    70.16    76.43          2      0.00306  210858.315589   76138.315590
  132  4266    2254472  76062.873281  57974.8803573296380    65.41    70.78          2      0.00181  211134.411999   76294.412000
  133  4332    2261284  76292.701045  57974.8830173732100   138.27   153.96          3     -0.00136  211524.221499   76524.221500
  134  4395    2266972  76484.606693  57974.8852385033860    54.89    59.42          2      0.00011  211836.111900   76716.111900
  135  4409    2268644  76541.017585  57974.8858914072320   101.61   132.21          5     -0.00514  211932.518309   76772.518310
  136  4488    2277428  76837.378242  57974.8893215074300    77.82    90.36          3     -0.00200  212428.855425   77068.855425
  137  4527    2281933  76989.371009  57974.8910806829700    54.51    59.75          3     -0.00114  212700.836120   77220.836120
  138  4544    2283539  77043.555192  57974.8917078147200    64.49   125.75          6     -0.00511  212755.016000   77275.016000
  139  4566    2286388  77139.676860  57974.8928203340290    63.01    71.84          3     -0.00008  212931.130034   77371.130035
  140  4583    2288640  77215.656314  57974.8936997258620    64.17    83.75          3     -0.00156  213047.103455   77447.103455
  141  4588    2289535  77245.852616  57974.8940492200960    52.93    90.62          5      0.00411  213117.297359   77477.297360
  142  4620    2292274  77338.262783  57974.8951187822080   121.77   141.03          4      0.00197  213249.700190   77569.700190
  143  4643    2294451  77411.711900  57974.8959688877310    52.20    59.35          3      0.00225  213403.143475   77643.143475
  144  4667    2297053  77499.499779  57974.8969849511420    79.73    98.59          3     -0.00253  213530.924385   77730.924385
  145  4712    2301773  77658.746280  57974.8988280819460   143.10   166.01          4     -0.00431  213810.158244   77890.158245
  146  4732    2304013  77734.321098  57974.8997027904900   102.05   116.85          3      0.00100  213925.727064   77965.727065
  147  4756    2306137  77805.981951  57974.9005321985150   112.51   133.72          3     -0.00178  214037.382230   78037.382230
  148  4845    2315224  78112.565184  57974.9040806155520    96.43   114.11          3     -0.00597  214543.941135   78343.941135
  149  4863    2317106  78176.061612  57974.9048155279100    75.81    81.68          3      0.00100  214647.432524   78407.432525
  150  4865    2317274  78181.729732  57974.9048811311620   257.60   339.84          6      0.00164  214653.100195   78413.100195
  151  4871    2317884  78202.310225  57974.9051193313020    72.78    83.42          3     -0.00136  214713.679055   78433.679055
  152  4949    2326751  78501.471176  57974.9085818423170    52.05    75.98          4      0.00131  215212.816275   78732.816275
  153  5037    2334461  78761.596311  57974.9115925499010    61.92    72.26          3     -0.00081  215632.920780   78992.920780
  154  5066    2337367  78859.641086  57974.9127273273860    75.61    81.28          3      0.00436  215810.957779   79090.957780
  155  5099    2341147  78987.172958  57974.9142033907200   138.87   206.97          5     -0.00553  220018.479540   79218.479540
  156  5113    2342159  79021.316760  57974.9145985736060    51.29    55.11          2      0.00197  220052.620634   79252.620635
  157  5167    2346544  79169.260678  57974.9163108874750    53.86    66.45          3     -0.00358  220320.552825   79400.552825
  158  5203    2349097  79255.395786  57974.9173078215940   120.74   136.16          4      0.00414  220446.681104   79486.681105
  159  5215    2350227  79293.520308  57974.9177490776450    54.62    60.67          2     -0.00136  220524.802605   79524.802605
  160  5238    2353297  79397.098082  57974.9189478944640    82.07    99.68          3     -0.00031  220708.372170   79628.372170
  161  5247    2353634  79408.467978  57974.9190794904830    70.03    86.36          3     -0.00161  220719.741164   79639.741165
  162  5264    2355295  79464.507994  57974.9197281017860    57.79    67.69          3      0.00067  220815.776740   79695.776740
  163  5269    2355523  79472.200299  57974.9198171330940   153.78   203.00          6     -0.00289  220823.468435   79703.468435
  164  5323    2361778  79683.235812  57974.9222596737540    96.07   131.88          7     -0.00064  221154.487225   79914.487225
  165  5355    2363473  79740.422803  57974.9229215602180    79.84    90.46          3     -0.00272  221251.669685   79971.669685
  166  5367    2364946  79790.120060  57974.9234967599490    76.70    91.85          4      0.00272  221341.363005   80021.363005
  167  5404    2369251  79935.364807  57974.9251778334210    54.03    81.31          4     -0.00519  221606.596244   80166.596245
  168  5410    2369729  79951.491994  57974.9253644906750   107.49   128.36          4     -0.00225  221622.722154   80182.722155
  169  5428    2370974  79993.496827  57974.9258506577150    80.10    87.69          3      0.00314  221704.723660   80224.723660
  170  5494    2378126  80234.795563  57974.9286434671620    69.21    79.22          3     -0.00581  222106.003284   80466.003285
  171  5518    2380227  80305.680917  57974.9294638995070    72.39    83.58          3      0.00569  222216.883025   80536.883025
  172  5579    2387315  80544.820407  57974.9322317176700    56.24    72.70          4     -0.00211  222616.003580   80776.003580
  173  5587    2388402  80581.494386  57974.9326561850240   166.90   253.17          5     -0.00125  222652.674654   80812.674655
  174  5600    2389711  80625.658387  57974.9331673424380   207.65   246.75          4      0.00097  222736.835160   80856.835160
  175  5644    2394350  80782.172052  57974.9349788432000    94.54   107.63          3     -0.00122  223013.336435   81013.336435
  176  5670    2396183  80844.015187  57974.9356946202110    52.63    57.57          2      0.00281  223115.174675   81075.174675
  177  5744    2406184  81181.435551  57974.9395999485060    70.42    76.28          3     -0.00228  223652.568335   81412.568335
  178  5761    2408838  81270.978085  57974.9406363204220    59.28    69.86          3      0.00006  223822.103784   81502.103785
  179  5796    2412861  81406.708769  57974.9422072774140   134.89   207.01          4     -0.00050  224037.823730   81637.823730
  180  5845    2418185  81586.333583  57974.9442862683260   131.33   145.10          3      0.00178  224337.434334   81817.434335
  181  5852    2419010  81614.168035  57974.9446084263300    67.68    74.48          3      0.00300  224405.266585   81845.266585
  182  5857    2419434  81628.473121  57974.9447739944580    89.64   106.93          3     -0.00022  224419.570540   81859.570540
  183  5863    2420266  81656.543676  57974.9450988851330    56.61    74.97          4     -0.00117  224447.638875   81887.638875
  184  5910    2425181  81822.369341  57974.9470181636740    61.51    72.73          3      0.00042  224733.451425   82053.451425
  185  5943    2427681  81906.716086  57974.9479943991420    75.58    92.06          5      0.00192  224857.791500   82137.791500
  186  5951    2428987  81950.778775  57974.9485043839620    64.33    79.54          3      0.00094  224941.850705   82181.850705
  187  5956    2429564  81970.245964  57974.9487296986500    73.25    84.69          3      0.00008  225001.316355   82201.316355
  188  5966    2430661  82007.257230  57974.9491580697980    61.66   124.98          9     -0.00186  225038.324695   82238.324695
  189  6043    2436384  82200.343596  57974.9513928657020    56.09    61.99          3     -0.00483  225351.395795   82431.395795
  190  6048    2437396  82234.487345  57974.9517880479740    52.66    64.09          4      0.00125  225425.536844   82465.536845
  191  6099    2441048  82357.701104  57974.9532141331460   133.72   148.39          3      0.00419  225628.740864   82588.740865
  192  6102    2441359  82368.193849  57974.9533355769470    65.59   116.24          5      0.00481  225639.232780   82599.232780
  193  6103    2441394  82369.374627  57974.9533492433660    58.10    66.44          3      0.00239  225640.413465   82600.413465
  194  6156    2446621  82545.726710  57974.9553903554430    64.04    84.29          4      0.00261  225936.751610   82776.751610
  195  6253    2455385  82841.412379  57974.9588126432770    72.67    81.04          3     -0.00125  230432.413914   83072.413915
  196  6267    2456773  82888.241714  57974.9593546494590    67.53    74.11          3      0.00028  230519.239549   83119.239550
  197  6274    2457003  82896.001617  57974.9594444631550    74.15    84.86          3      0.00047  230526.998840   83126.998840
  198  6318    2461360  83043.001129  57974.9611458464000    50.46    69.32          3      0.00292  230753.986739   83273.986740
  199  6484    2477878  83600.296549  57974.9675960248700    54.85    59.57          2     -0.00022  231711.238150   83831.238150
  200  6489    2478212  83611.565369  57974.9677264510340    75.76    89.74          4      0.00278  231722.506080   83842.506080
  201  6552    2483503  83790.076546  57974.9697925526140    55.25    59.71          2     -0.00281  232021.003165   84021.003165
  202  6615    2488806  83968.992903  57974.9718633437820    55.39    78.54          4      0.00131  232319.905400   84199.905400
  203  6624    2489557  83994.330397  57974.9721566018180    76.59   142.35          5     -0.00642  232345.240894   84225.240895
  204  6628    2489777  84001.753138  57974.9722425131650   111.77   130.44          3      0.00058  232352.663050   84232.663050
  205  6676    2493470  84126.350096  57974.9736846075900    61.63    72.44          4      0.00072  232557.250174   84357.250175
  206  6724    2498514  84296.527814  57974.9756542571010    71.10    77.38          3     -0.00489  232847.414464   84527.414465
  207  6726    2498661  84301.487405  57974.9757116597890   185.92   269.53          4     -0.00472  232852.373665   84532.373665
  208  6855    2510593  84704.057322  57974.9803710338180    52.61    56.77          2     -0.00547  233534.911825   84934.911825
  209  6902    2515127  84857.028580  57974.9821415344900   102.16   118.47          3     -0.00300  233807.871020   85087.871020
  210  6920    2516663  84908.851357  57974.9827413351550    51.91    60.98          3      0.00181  233859.689710   85139.689710
  211  6963    2520696  85044.919371  57974.9843161964290    55.53    70.24          3     -0.00094  234115.746994   85275.746995
  212  7003    2525166  85195.731406  57974.9860617060860    70.78    89.71          5      0.00306  234346.547139   85426.547140
  213  7049    2528800  85318.337646  57974.9874807597950   110.55   126.92          4     -0.00089  234549.143714   85549.143715
  214  7096    2533623  85481.059341  57974.9893641127420    52.54    64.48          3      0.00014  234831.852585   85711.852585
  215  7139    2536100  85564.630063  57974.9903313664640    69.13    99.50          3      0.00053  234955.416719   85795.416720
  216  7215    2543048  85799.046404  57974.9930445185660   291.43   331.43          5      0.00000  235349.814589   86029.814590
  217  7232    2543975  85830.322094  57974.9934065057150    50.13    57.00          3     -0.00219  235421.087815   86061.087815
  218  7241    2544464  85846.820208  57974.9935974561020    78.89    99.30          3     -0.00500  235437.584629   86077.584630
  219  7280    2546879  85928.299268  57974.9945405007870    64.03    74.43          3     -0.00075  235559.057270   86159.057270
  220  7283    2547086  85935.283078  57974.9946213319170    92.25   105.73          3     -0.00364  235606.040529   86166.040530
  221  7330    2550905  86064.131043  57974.9961126278140   499.22   573.92          3     -0.00558  235814.878345   86294.878345
  222  7353    2552587  86120.879713  57974.9967694411260   110.14   147.50          4      0.00058  235911.622545   86351.622545
