             hhmmss.xxx   hhmmss.xxx          sec          sec                 day                 day             sec             sec                 day                 day              sec             sec
      nGTI     UTCstart       UTCend     sodStart       sodEnd         MJDobsStart           MJDobsEnd        TDBstart          TDBend         MJDtdbStart           MJDtdbEnd     duration_sec       accum_sec
         0 164815.00000 165958.99999  60495.00000  61198.99999  57974.700173611110  57974.708321759142    60262.244187    60966.300347  57974.697479678080  57974.705628476237       703.056170      703.056170
         1 170000.00000 175958.99999  61200.00000  64798.99999  57974.708333333338  57974.749988425805    60967.300517    64566.588058  57974.705640052275  57974.747298472896      3598.287551     4301.343721
         2 180000.00000 185958.99999  64800.00000  68398.99999  57974.750000000000  57974.791655092480    64567.588228    68166.875675  57974.747310048934  57974.788968468454      3598.287457     7899.631178
         3 190000.00000 190053.99999  68400.00000  68453.99999  57974.791666666662  57974.792291666547    68167.875845    68221.880067  57974.788980044493  57974.789605093363        53.004232     7952.635411
         4 190107.00000 195958.99999  68467.00000  71998.99999  57974.792442129626  57974.833321759142    68234.881195    71767.162930  57974.789755569382  57974.830638459827      3531.281745    11483.917156
         5 200000.00000 205958.99999  72000.00000  75598.99999  57974.833333333338  57974.874988425805    71768.163099    75367.449589  57974.830650035866  57974.872308444314      3598.286500    15082.203656
         6 210000.00000 215958.99999  75600.00000  79198.99999  57974.875000000000  57974.916655092480    75368.449758    78967.735471  57974.872320020352  57974.913978419802      3598.285723    18680.489378
         7 220000.00000 225958.99999  79200.00000  82798.99999  57974.916666666662  57974.958321759142    78968.735639    82568.020456  57974.913989995827  57974.955648384909      3598.284827    22278.774205
         8 230000.00000 235958.99999  82800.00000  86398.99999  57974.958333333338  57974.999988425805    82569.020624    86168.304498  57974.955659960922  57974.997318339110      3598.283884    25877.058089
