yyyy doy mn dd    MJD                 P0ms           Pdot0                  nu0            nudot0_15       tJPLms        SNthr 
2017 221 08 09  57974     33.7386455638600   4.196976E-013     29.6396012136058        -368706.86500       5.4986         0.00 
nGRPmax
    461
 nGRP  nORG  NSEQpulse        TDBsec                  MJD   peakSN    sumSN  Nsubpulse        phase       UThhmmss          UTsec
    0     0    1786243  60265.461130  57974.6975169112320     7.03     9.83          2      0.40247  164818.260370   60498.260370
    1     1    1786921  60288.336023  57974.6977816669310     7.02     7.95          2      0.40450  164841.133435   60521.133435
    2     2    1787035  60292.182065  57974.6978261812990     7.17     7.60          2      0.39975  164844.979169   60524.979170
    3     3    1787328  60302.067720  57974.6979405986180    15.28    19.45          2      0.40622  164854.864034   60534.864035
    4     4    1788416  60338.775447  57974.6983654565630     6.34     8.57          3      0.40797  164931.568829   60571.568830
    5     5    1792164  60465.227785  57974.6998290252930    52.19    64.82          4      0.40183  165138.011064   60698.011065
    6     6    1792696  60483.176929  57974.7000367700100    19.33    26.58          4      0.40692  165155.958774   60715.958775
    7     7    1793963  60525.923599  57974.7005315231360     6.05    17.02          4      0.40039  165238.702030   60758.702030
    8     8    1796981  60627.747039  57974.7017100351740    24.11    29.49          3      0.40411  165420.517334   60860.517335
    9     9    1798272  60671.303784  57974.7022141641600    38.05    41.88          2      0.40783  165504.070599   60904.070600
   10    10    1798348  60673.867834  57974.7022438406660     6.31    11.13          3      0.40503  165506.634445   60906.634445
   11    11    1798858  60691.074798  57974.7024429953410     5.66     8.10          2      0.41222  165523.840035   60923.840035
   12    12    1800864  60758.754521  57974.7032263254780    11.40    13.68          2      0.41086  165631.514349   60991.514350
   13    13    1802784  60823.532631  57974.7039760721150     6.11     6.11          1      0.40661  165736.287284   61056.287285
   14    14    1802906  60827.648680  57974.7040237115780     5.94     5.94          1      0.40456  165740.403005   61060.403005
   15    15    1803677  60853.660954  57974.7043247795580     6.14     7.50          2      0.39756  165806.413200   61086.413200
   16    16    1806449  60947.184856  57974.7054072321280     5.72     5.72          1      0.40661  165939.929629   61179.929630
   17    17    1809402  61046.814877  57974.7065603573760     8.79     9.26          2      0.39844  170119.551690   61279.551690
   18    18    1810515  61084.366327  57974.7069949806340     7.08     9.50          2      0.40761  170157.100140   61317.100140
   19    19    1817034  61304.308596  57974.7095406087420     6.77     8.76          2      0.40364  170537.024834   61537.024835
   20    20    1827580  61660.116773  57974.7136587589500    17.91    22.64          2      0.40819  171132.804580   61892.804580
   21    21    1831882  61805.260421  57974.7153386622850     5.67     8.41          2      0.40475  171357.936629   62037.936630
   22    22    1835409  61924.256830  57974.7167159355260     5.55     5.55          1      0.40817  171556.923530   62156.923530
   23    23    1835957  61942.745558  57974.7169299254400     6.76     8.30          2      0.40625  171615.410779   62175.410780
   24    24    1836406  61957.894113  57974.7171052559360    11.32    15.56          3      0.40289  171630.558125   62190.558125
   25    25    1837480  61994.129399  57974.7175246458240     6.15     8.27          2      0.40147  171706.790515   62226.790515
   26    26    1838034  62012.820592  57974.7177409790720    44.08    50.74          3      0.40056  171725.480215   62245.480215
   27    27    1840368  62091.566815  57974.7186523936900    16.18    23.02          3      0.40542  171844.220144   62324.220145
   28    28    1841447  62127.970529  57974.7190737329790     7.40     7.40          1      0.39631  171920.620949   62360.620950
   29    29    1841504  62129.893768  57974.7190959926910     9.11     9.11          1      0.40011  171922.544034   62362.544035
   30    30    1844777  62240.320653  57974.7203740816380    41.19    57.69          3      0.40642  172112.962095   62472.962095
   31    31    1844985  62247.338103  57974.7204553021180     5.58    10.49          3      0.40069  172119.978985   62479.978985
   32    32    1845731  62272.507400  57974.7207466134270     9.33    17.27          4      0.40819  172145.146269   62505.146270
   33    33    1848743  62374.128236  57974.7219227805060     8.42    16.50          4      0.40675  172326.758985   62606.758985
   34    34    1850257  62425.208503  57974.7225139873020    14.67    19.51          3      0.40447  172417.835169   62657.835170
   35    35    1854415  62565.493639  57974.7241376578560     7.28    16.79          6      0.39656  172638.109094   62798.109095
   36    36    1861002  62787.730429  57974.7267098429310     5.76     5.76          1      0.40128  173020.328125   63020.328125
   37    37    1861121  62791.745365  57974.7267563120900    41.22    54.36          5      0.40244  173024.342740   63024.342740
   38    38    1861478  62803.790082  57974.7268957185410     7.89     7.89          1      0.40261  173036.386494   63036.386495
   39    39    1865004  62922.752815  57974.7282726020220    11.66    11.66          1      0.40797  173235.339720   63155.339720
   40    40    1865340  62934.088606  57974.7284038033150    12.09    12.83          2      0.39586  173246.674605   63166.674605
   41    41    1868154  63029.029463  57974.7295026558210     8.80     8.80          1      0.40281  173421.607875   63261.607875
   42    42    1870920  63122.350726  57974.7305827630340    16.01    21.32          3      0.40583  173554.921679   63354.921680
   43    43    1871996  63158.653492  57974.7310029339390     7.33    13.09          3      0.40433  173631.221545   63391.221545
   44    44    1872354  63170.732072  57974.7311427323140     7.00    13.26          3      0.40853  173643.299160   63403.299160
   45    45    1872786  63185.307127  57974.7313114250750     6.19     6.97          2      0.40700  173657.873050   63417.873050
   46    46    1875900  63290.368984  57974.7325274188030     5.63     7.91          2      0.39606  173842.926509   63522.926510
   47    47    1876065  63295.936149  57974.7325918535810    26.04    31.12          3      0.40447  173848.493230   63528.493230
   48    48    1876308  63304.134509  57974.7326867420030     8.62     9.04          2      0.40025  173856.690934   63536.690935
   49    49    1878993  63394.722908  57974.7337352188420    17.96    17.96          1      0.40217  174027.272095   63627.272095
   50    50    1879401  63408.488248  57974.7338945399040    20.11    21.46          2      0.40106  174041.036334   63641.036335
   51    51    1880617  63449.514472  57974.7343693804670     6.55    11.23          3      0.40117  174122.059280   63682.059280
   52    52    1884408  63577.417954  57974.7358497448320    39.37    45.82          3      0.40636  174329.952539   63809.952540
   53    53    1885465  63613.079564  57974.7362624949500     7.06    10.92          2      0.40142  174405.611299   63845.611300
   54    54    1892810  63860.890293  57974.7391306746880    30.00    32.46          2      0.40664  174813.402224   64093.402225
   55    55    1893172  63873.103429  57974.7392720304260     6.68    11.57          3      0.39883  174825.614385   64105.614385
   56    56    1894860  63930.054556  57974.7399311869820     5.50     6.54          2      0.40631  174922.560960   64162.560960
   57    57    1895184  63940.985939  57974.7400577076220    12.47    13.04          2      0.40792  174933.491470   64173.491470
   58    58    1896847  63997.093293  57974.7407070982910     7.36     7.36          1      0.40619  175029.594340   64229.594340
   59    59    1898624  64057.046954  57974.7414010064130    11.02    15.20          3      0.40739  175129.543210   64289.543210
   60    60    1898845  64064.503045  57974.7414873037700    12.19    12.19          1      0.40261  175136.998704   64296.998705
   61    61    1899359  64081.844876  57974.7416880194050    29.23    36.65          3      0.40731  175154.339149   64314.339150
   62    62    1901788  64163.796080  57974.7426365287040     6.82     8.70          2      0.40622  175316.283804   64396.283805
   63    63    1903088  64207.656155  57974.7431441684610     7.26     8.53          2      0.40031  175400.140375   64440.140375
   64    64    1903499  64221.522854  57974.7433046626560     6.51     9.25          2      0.40339  175414.005964   64454.005965
   65    65    1907987  64372.941784  57974.7450571965700   361.79   414.13          4      0.39653  175645.412794   64605.412795
   66    66    1908642  64395.040725  57974.7453129713540    10.29    10.29          1      0.39994  175707.509969   64627.509970
   67    67    1910202  64447.673086  57974.7459221421950    24.11    29.84          2      0.40075  175800.138124   64680.138125
   68    68    1912316  64518.996711  57974.7467476471170     8.28    13.42          3      0.40300  175911.456050   64751.456050
   69    69    1916331  64654.457516  57974.7483154805120     9.83    11.23          2      0.40403  180126.906029   64886.906030
   70    70    1917712  64701.050830  57974.7488547549820     6.81     8.93          2      0.41014  180213.495620   64933.495620
   71    71    1919534  64762.522757  57974.7495662356100     6.74     8.09          2      0.41192  180314.962635   64994.962635
   72    72    1920372  64790.795356  57974.7498934647680     6.58     7.30          2      0.39981  180343.232974   65023.232975
   73    73    1922967  64878.347318  57974.7509067976700    19.50    21.99          2      0.40308  180510.777939   65110.777940
   74    74    1927774  65040.529053  57974.7527839010820     6.05     7.06          2      0.40100  180752.946714   65272.946715
   75    75    1929634  65103.283042  57974.7535102203900     7.80     7.80          1      0.40289  180855.695690   65335.695690
   76    76    1930539  65133.816562  57974.7538636176130    14.14    15.20          2      0.40350  180926.226770   65366.226770
   77    77    1932184  65189.316817  57974.7545059816700    21.29    26.13          3      0.40758  181021.722589   65421.722590
   78    78    1933272  65226.024445  57974.7549308384900     9.50    15.42          3      0.40600  181058.427284   65458.427285
   79    79    1935262  65293.164370  57974.7557079209470     5.85     7.74          2      0.40500  181205.561844   65525.561845
   80    80    1936686  65341.208164  57974.7562639833730     9.06    11.21          2      0.40289  181253.601800   65573.601800
   81    81    1940732  65477.714797  57974.7578439212540    10.26    12.69          2      0.40158  181510.097525   65710.097525
   82    82    1940951  65485.103627  57974.7579294401280    47.28    53.42          3      0.40339  181517.485765   65717.485765
   83    83    1943548  65572.722723  57974.7589435500290     5.76     7.35          2      0.39650  181645.097859   65805.097860
   84    84    1946889  65685.443940  57974.7602481937540     8.25    10.76          3      0.40569  181837.810070   65917.810070
   85    85    1946995  65689.020255  57974.7602895862910     6.83     8.92          2      0.40617  181841.386100   65921.386100
   86    86    1947568  65708.352430  57974.7605133383170     6.46    10.91          3      0.40367  181900.716730   65940.716730
   87    87    1951747  65849.346235  57974.7621452110590    43.90    50.07          3      0.40039  182121.699269   66081.699270
   88    88    1957792  66053.296541  57974.7645057469950    22.55    26.91          3      0.40114  182445.633279   66285.633280
   89    89    1958337  66071.684305  57974.7647185683460    20.77    24.79          2      0.40653  182504.019574   66304.019575
   90    90    1960015  66128.297673  57974.7653738156540    11.01    14.38          3      0.40297  182600.628419   66360.628420
   91    91    1961680  66184.472506  57974.7660239873410    34.33    38.68          2      0.40108  182656.798764   66416.798765
   92    92    1963060  66231.032136  57974.7665628719490     9.31    14.20          3      0.40881  182743.354674   66463.354675
   93    93    1967437  66378.706084  57974.7682720611580    11.33    12.75          2      0.40214  183011.016824   66611.016825
   94    94    1968705  66421.486891  57974.7687672093950    15.45    20.26          3      0.40717  183053.794215   66653.794215
   95    95    1969223  66438.963557  57974.7689694856190    13.16    20.71          3      0.40814  183111.269484   66671.269485
   96    96    1971391  66512.108741  57974.7698160733950     9.93     9.93          1      0.40042  183224.408825   66744.408825
   97    97    1971746  66524.085838  57974.7699546972030     7.34     7.34          1      0.39650  183236.384965   66756.384965
   98    98    1972634  66554.046116  57974.7703014596740     6.08    10.76          3      0.40664  183306.342850   66786.342850
   99    99    1973541  66584.646791  57974.7706556341630     5.78     7.64          2      0.39767  183336.941080   66816.941080
  100   100    1973930  66597.771594  57974.7708075415940     7.51    11.26          3      0.41114  183350.064834   66830.064835
  101   101    1974787  66626.685419  57974.7711421923580     9.59    11.14          2      0.40483  183418.976349   66858.976350
  102   102    1978963  66767.578209  57974.7727728959360     6.61     6.61          1      0.40731  183639.857885   66999.857885
  103   103    1979603  66789.171109  57974.7730228137600     6.59     8.71          2      0.41189  183701.449059   67021.449060
  104   104    1981850  66864.981675  57974.7739002508670    21.70    22.21          2      0.40494  183817.253570   67097.253570
  105   105    1985803  66998.350548  57974.7754438720770    10.93    13.30          2      0.40189  184030.611789   67230.611790
  106   106    1986322  67015.860982  57974.7756465391490    17.02    21.15          2      0.40356  184048.120825   67248.120825
  107   107    1986658  67027.196987  57974.7757777429120     8.95    11.30          3      0.39797  184059.455925   67259.455925
  108   108    1987161  67044.167853  57974.7759741649660    18.08    19.87          2      0.40722  184116.425434   67276.425435
  109   109    1990521  67157.529703  57974.7772862234110    10.60    14.28          2      0.40461  184309.778229   67389.778230
  110   110    1990804  67167.077696  57974.7773967325950    10.35    14.92          3      0.40306  184319.325459   67399.325460
  111   111    1991354  67185.633928  57974.7776115037950    13.60    23.07          3      0.40194  184337.880210   67417.880210
  112   112    1992464  67223.084099  57974.7780449548540     6.62     7.57          2      0.40914  184415.327390   67455.327390
  113   113    1992998  67241.100493  57974.7782534779260    17.12    17.12          1      0.40728  184433.342344   67473.342345
  114   114    1993378  67253.921217  57974.7784018659330    17.25    20.47          2      0.40811  184446.162045   67486.162045
  115   115    1996000  67342.383928  57974.7794257399040     5.98     5.98          1      0.40553  184614.617689   67574.617690
  116   116    1997989  67409.490267  57974.7802024336510     6.88     6.88          1      0.40900  184721.718670   67641.718670
  117   117    2000438  67492.115981  57974.7811587497730    13.00    13.00          1      0.40000  184844.337784   67724.337785
  118   118    2003358  67590.633140  57974.7822989946750     7.06     7.06          1      0.40683  185022.847074   67822.847075
  119   119    2006600  67700.013750  57974.7835649739520     8.36     9.85          3      0.40194  185212.218949   67932.218950
  120   120    2012506  67899.274213  57974.7858712293120   111.54   126.30          4      0.39761  185531.463499   68131.463500
  121   121    2015348  67995.159665  57974.7869810146430     5.56     5.56          1      0.40161  185707.341295   68227.341295
  122   122    2015542  68001.705082  57974.7870567717890     8.93    11.48          2      0.40517  185713.886190   68233.886190
  123   123    2015883  68013.210011  57974.7871899306880    11.15    12.26          2      0.40639  185725.390199   68245.390200
  124   124    2018367  68097.016778  57974.7881599164160    13.76    18.55          3      0.40328  185849.190275   68329.190275
  125   125    2021227  68193.509193  57974.7892767267710    10.54    10.54          1      0.39756  190025.674985   68425.674985
  126   126    2023239  68261.391693  57974.7900624038530    14.18    20.76          3      0.40608  190133.552064   68493.552065
  127   127    2024105  68290.609341  57974.7904005710720    17.33    18.83          2      0.40494  190202.767380   68522.767380
  128   128    2026154  68359.739836  57974.7912006925440     5.75     6.28          2      0.40333  190311.892355   68591.892355
  129   129    2026675  68377.317754  57974.7914041406720     6.38     8.23          2      0.40553  190329.468869   68609.468870
  130   130    2026893  68384.672881  57974.7914892694530     5.52     7.77          2      0.40839  190336.823409   68616.823410
  131   131    2027797  68415.172572  57974.7918422751360    10.95    19.06          4      0.40611  190407.320665   68647.320665
  132   132    2027857  68417.196728  57974.7918657028740     9.66    13.57          3      0.40142  190409.344660   68649.344660
  133   133    2028457  68437.439959  57974.7920999995260    16.42    24.57          4      0.40206  190429.586274   68669.586275
  134   134    2035658  68680.392421  57974.7949119493250     8.87    11.35          2      0.41014  190832.519339   68912.519340
  135   135    2037961  68758.092299  57974.7958112534660    18.63    22.10          3      0.40142  190950.213015   68990.213015
  136   136    2038548  68777.897015  57974.7960404747140     5.82     5.82          1      0.40494  191010.016149   69010.016150
  137   137    2042712  68918.384735  57974.7976664899970    21.03    23.27          2      0.40122  191230.492654   69150.492655
  138   138    2042990  68927.764254  57974.7977750492420    28.65    30.55          2      0.40617  191239.871425   69159.871425
  139   139    2043733  68952.831795  57974.7980651828100    33.50    37.13          2      0.39747  191304.936965   69184.936965
  140   140    2044347  68973.547713  57974.7983049503870    19.01    21.09          2      0.40867  191325.651230   69205.651230
  141   141    2046633  69050.674225  57974.7991976183420     7.48     8.37          2      0.40558  191442.771584   69282.771585
  142   142    2053301  69275.643566  57974.8018014301700    14.04    18.17          2      0.40158  191827.722970   69507.722970
  143   143    2053553  69284.145655  57974.8018998339710    12.51    12.51          1      0.39986  191836.224379   69516.224380
  144   144    2056060  69368.728656  57974.8028788038910     7.74    12.56          3      0.40411  192000.800629   69600.800630
  145   145    2060331  69512.826556  57974.8045466036610     8.52    11.10          2      0.40472  192224.887029   69744.887030
  146   146    2062482  69585.398567  57974.8053865574910    10.14    13.34          2      0.40836  192337.453250   69817.453250
  147   147    2067437  69752.573598  57974.8073214536830     7.31     8.32          2      0.40531  192624.614939   69984.614940
  148   148    2068301  69781.723944  57974.8076588419460     7.60    11.89          3      0.40919  192653.762959   70013.762960
  149   149    2068736  69796.400100  57974.8078287048580     6.56     8.73          2      0.40406  192708.437944   70028.437945
  150   150    2070337  69850.415535  57974.8084538835070    13.82    18.53          3      0.39878  192802.449070   70082.449070
  151   151    2072428  69920.963375  57974.8092704094340     7.21    15.76          3      0.40678  192912.991280   70152.991280
  152   152    2074548  69992.489417  57974.8100982571390     5.88     9.30          2      0.40814  193024.511614   70224.511615
  153   153    2074599  69994.210059  57974.8101181719810    26.54    29.20          2      0.40742  193026.232120   70226.232120
  154   154    2076565  70060.540326  57974.8108858834050    20.50    23.32          3      0.40822  193132.557094   70292.557095
  155   155    2077841  70103.590746  57974.8113841521540    10.22    13.81          3      0.40453  193215.604080   70335.604080
  156   156    2078373  70121.539743  57974.8115918951680     9.73    13.01          3      0.40503  193233.551644   70353.551645
  157   157    2083175  70283.552678  57974.8134670448900    15.75    15.75          1      0.39964  193515.551655   70515.551655
  158   158    2083249  70286.049808  57974.8134959468540     9.39     9.39          1      0.41347  193518.048584   70518.048585
  159   159    2085680  70368.068016  57974.8144452316670    14.62    25.96          4      0.39850  193640.060249   70600.060250
  160   160    2086411  70392.731128  57974.8147306843520     8.48    10.68          2      0.40250  193704.721395   70624.721395
  161   161    2086773  70404.944487  57974.8148720426750     5.69    10.63          4      0.40144  193716.933780   70636.933780
  162   162    2086999  70412.569681  57974.8149602972290     5.56     6.13          2      0.40878  193724.558365   70644.558365
  163   163    2088754  70471.780789  57974.8156456109820     6.11     8.40          2      0.40103  193823.764750   70703.764750
  164   164    2088774  70472.455593  57974.8156534212220     5.91     5.91          1      0.40194  193824.439499   70704.439500
  165   165    2095729  70707.108340  57974.8183693094910     7.21     8.56          2      0.40967  194219.073529   70939.073530
  166   166    2095969  70715.205396  57974.8184630254210    11.38    14.02          2      0.40297  194227.169940   70947.169940
  167   167    2096074  70718.747873  57974.8185040263040     6.26     8.29          2      0.40033  194230.712134   70950.712135
  168   168    2097397  70763.384323  57974.8190206518780     6.63     7.42          2      0.40575  194315.345025   70995.345025
  169   169    2097511  70767.230355  57974.8190651661440     6.37    12.48          4      0.40067  194319.190749   70999.190750
  170   170    2097574  70769.356260  57974.8190897715200     7.82    10.35          2      0.41142  194321.316485   71001.316485
  171   171    2097672  70772.662013  57974.8191280325500     5.81     6.16          2      0.39256  194324.621975   71004.621975
  172   172    2098333  70794.963822  57974.8193861553410    13.79    18.56          3      0.40867  194346.922005   71026.922005
  173   173    2100725  70875.666589  57974.8203202151550     8.72    11.17          2      0.40439  194507.618335   71107.618335
  174   174    2101809  70912.239220  57974.8207435094910    12.86    13.47          2      0.40181  194544.188049   71144.188050
  175   175    2107239  71095.440315  57974.8228638925310    11.45    13.03          2      0.40425  194847.374534   71327.374535
  176   176    2108545  71139.502869  57974.8233738758020     5.80     5.80          1      0.39961  194931.433575   71371.433575
  177   177    2111099  71225.671680  57974.8243712000000    70.17    80.77          3      0.40656  195057.595514   71457.595515
  178   178    2114929  71354.890743  57974.8258667910020     5.60     8.19          2      0.40467  195306.804275   71586.804275
  179   179    2119239  71500.304337  57974.8275498187140     7.03    12.84          3      0.40175  195532.206275   71732.206275
  180   180    2119243  71500.439358  57974.8275513814530    11.66    14.31          3      0.40372  195532.341285   71732.341285
  181   181    2119340  71503.711919  57974.8275892583170     5.64     8.53          3      0.40103  195535.613584   71735.613585
  182   182    2120266  71534.954244  57974.8279508593020    13.38    19.64          3      0.41044  195606.853419   71766.853420
  183   183    2122441  71608.335470  57974.8288001790460     6.96    15.03          4      0.39858  195720.228795   71840.228795
  184   184    2124157  71666.231225  57974.8294702688130     7.48     7.48          1      0.40417  195818.119934   71898.119935
  185   185    2128606  71816.334525  57974.8312075755260   186.62   210.18          4      0.40233  200048.211269   72048.211270
  186   186    2128961  71828.311805  57974.8313462014460     8.52     8.52          1      0.40364  200100.187594   72060.187595
  187   187    2129044  71831.112288  57974.8313786144380     7.09     7.11          2      0.40878  200102.987854   72062.987855
  188   188    2134062  72000.412893  57974.8333381121790    55.84    62.12          3      0.40669  200352.274965   72232.274965
  189   189    2135733  72056.790091  57974.8339906260480    23.70    28.03          3      0.40303  200448.647670   72288.647670
  190   190    2137524  72117.216042  57974.8346900004860     6.00     6.00          1      0.40233  200549.068805   72349.068805
  191   191    2139819  72194.646173  57974.8355861825540    11.65    17.96          3      0.39847  200706.492765   72426.492765
  192   192    2141534  72252.508289  57974.8362558829700     5.57    13.16          4      0.40714  200804.350269   72484.350270
  193   193    2142841  72296.604708  57974.8367662581890    10.59    10.59          1      0.40608  200848.443174   72528.443175
  194   194    2143004  72302.104056  57974.8368299080580    23.48    50.20          6      0.40444  200853.942085   72533.942085
  195   195    2144976  72368.636488  57974.8375999593600     6.50     7.14          2      0.39739  201000.469215   72600.469215
  196   196    2145961  72401.869126  57974.8379845963650     7.60     8.55          2      0.39867  201033.699204   72633.699205
  197   197    2145988  72402.780254  57974.8379951418370    10.55    12.82          2      0.40425  201034.610260   72634.610260
  198   198    2146549  72421.708152  57974.8382142147200     5.53     7.69          2      0.41911  201053.536649   72653.536650
  199   199    2146717  72427.375579  57974.8382798099460     8.25     8.25          1      0.39906  201059.203624   72659.203625
  200   200    2150064  72540.299201  57974.8395867963010    10.26    12.49          2      0.40733  201252.118249   72772.118250
  201   201    2155126  72711.084353  57974.8415634763140     8.75    19.55          4      0.40639  201542.889794   72942.889795
  202   202    2155182  72712.973804  57974.8415853449600    11.37    13.21          2      0.40892  201544.779095   72944.779095
  203   203    2158492  72824.648525  57974.8428778764540    28.90    32.60          2      0.40028  201736.444919   73056.444920
  204   204    2159569  72860.985135  57974.8432984390660     6.09     6.09          1      0.40178  201812.778634   73092.778635
  205   205    2160790  72902.180231  57974.8437752341500     5.97     6.19          2      0.40706  201853.970449   73133.970450
  206   206    2160994  72909.062805  57974.8438548935680     5.72     8.74          2      0.40344  201900.852475   73140.852475
  207   207    2165216  73051.507506  57974.8455035590910     6.74     8.99          2      0.40392  202123.285829   73283.285830
  208   208    2166635  73099.382869  57974.8460576721020   124.39   138.91          3      0.40931  202211.157380   73331.157380
  209   209    2169011  73179.545834  57974.8469854841860     5.81     8.60          2      0.40544  202331.313959   73411.313960
  210   210    2169067  73181.435269  57974.8470073526530    11.63    11.63          1      0.40733  202333.203244   73413.203245
  211   211    2169120  73183.223417  57974.8470280488060     7.22     7.22          1      0.40742  202334.991250   73414.991250
  212   212    2171298  73256.706234  57974.8478785443710    11.45    13.65          2      0.40669  202448.468215   73488.468215
  213   213    2175043  73383.057416  57974.8493409423230    27.65    30.71          2      0.40192  202654.809334   73614.809335
  214   214    2176065  73417.538037  57974.8497400235780     6.36    14.68          4      0.39300  202729.287209   73649.287210
  215   215    2176092  73418.449165  57974.8497505690370    27.08    29.84          3      0.39828  202730.198264   73650.198265
  216   216    2178857  73511.736913  57974.8508302883460    12.49    16.68          3      0.40739  202903.478585   73743.478585
  217   217    2179057  73518.484345  57974.8509083836290    27.59    32.81          3      0.39858  202910.225479   73750.225480
  218   218    2181341  73595.543401  57974.8518002708480    17.97    21.51          2      0.39617  203027.278399   73827.278400
  219   219    2183202  73658.331460  57974.8525269844860    18.30    23.00          3      0.40750  203130.061459   73890.061460
  220   220    2184825  73713.089105  57974.8531607535360     6.31     7.71          2      0.40061  203224.814744   73944.814745
  221   221    2186452  73767.982065  57974.8537960887170     8.31    10.37          2      0.40456  203319.703334   73999.703335
  222   222    2189325  73864.913222  57974.8549179771010     8.86     9.04          2      0.40275  203456.626774   74096.626775
  223   223    2189428  73868.388353  57974.8549581985280    10.08    10.39          2      0.40433  203500.101630   74100.101630
  224   224    2191244  73929.657761  57974.8556673351940     7.02     9.16          2      0.40347  203601.366160   74161.366160
  225   225    2191743  73946.493121  57974.8558621889020     6.23     9.33          2      0.39636  203618.200179   74178.200180
  226   226    2194999  74056.346490  57974.8571336399360    11.97    17.13          3      0.40328  203808.044804   74288.044805
  227   227    2196945  74122.001806  57974.8578935394180     5.84     8.91          2      0.39886  203913.694894   74353.694895
  228   228    2197505  74140.895445  57974.8581122157950     6.91     6.91          1      0.39842  203932.587029   74372.587030
  229   229    2204298  74370.082545  57974.8607648442750    12.96    13.53          2      0.40639  204321.755890   74601.755890
  230   230    2206355  74439.483052  57974.8615680908800     6.29     8.72          2      0.40769  204431.150875   74671.150875
  231   231    2209707  74552.575076  57974.8628770263420     6.93    11.52          3      0.40725  204624.233900   74784.233900
  232   232    2210507  74579.565914  57974.8631894203010     6.16     8.26          2      0.40417  204651.222590   74811.222590
  233   233    2211448  74611.314105  57974.8635568762240     5.88     6.60          2      0.40686  204722.968254   74842.968255
  234   234    2214125  74701.632486  57974.8646022278530    11.64    20.31          4      0.40531  204853.279450   74933.279450
  235   235    2214333  74708.650109  57974.8646834503420    29.04    34.13          2      0.40453  204900.296514   74940.296515
  236   236    2214609  74717.962050  57974.8647912274300     9.54     9.54          1      0.40647  204909.607715   74949.607715
  237   237    2216058  74766.849299  57974.8653570520700    14.36    19.11          3      0.40369  204958.491074   74998.491075
  238   238    2220413  74913.781228  57974.8670576530940    20.12    27.63          3      0.40342  205225.411315   75145.411315
  239   239    2221815  74961.082961  57974.8676051268610    13.64    15.74          2      0.40661  205312.709285   75192.709285
  240   240    2224072  75037.230888  57974.8684864686210    17.67    18.77          2      0.39869  205428.851154   75268.851155
  241   241    2224555  75053.526904  57974.8686750799100     7.48    10.75          2      0.40567  205445.145875   75285.145875
  242   242    2225431  75083.082150  57974.8690171545220     7.00    14.44          4      0.41069  205514.698770   75314.698770
  243   243    2229840  75231.835940  57974.8707388418940     6.98     9.91          3      0.40961  205743.440730   75463.440730
  244   244    2232239  75312.774717  57974.8716756333060     8.32     9.24          2      0.40044  205904.373070   75544.373070
  245   245    2233366  75350.798441  57974.8721157227010    11.02    11.02          1      0.40739  205942.393769   75582.393770
  246   246    2235599  75426.136732  57974.8729876936580     5.96     5.96          1      0.40219  210057.726070   75657.726070
  247   247    2238249  75515.544176  57974.8740225020420     6.00     8.28          2      0.40053  210227.126405   75747.126405
  248   248    2240103  75578.095819  57974.8747464793860     7.09     7.09          1      0.40456  210329.673074   75809.673075
  249   249    2241160  75613.757315  57974.8751592281860     5.65    10.97          3      0.39606  210405.331734   75845.331735
  250   250    2242741  75667.098485  57974.8757766028420    12.32    16.54          3      0.40561  210458.668665   75898.668665
  251   251    2247996  75844.395190  57974.8778286480260    12.53    15.12          2      0.40428  210755.951274   76075.951275
  252   252    2252361  75991.664396  57974.8795331527300     8.45    10.65          2      0.40069  211023.208775   76223.208775
  253   253    2258346  76193.590419  57974.8818702594820     9.30    10.02          2      0.40197  211345.118749   76425.118750
  254   254    2259652  76237.653191  57974.8823802452740     6.54    11.87          3      0.40372  211429.178020   76469.178020
  255   255    2259692  76239.002793  57974.8823958656510    13.33    13.33          1      0.40519  211430.527514   76470.527515
  256   256    2262798  76343.795150  57974.8836087401600     6.82     9.34          2      0.40592  211615.311545   76575.311545
  257   257    2264026  76385.226157  57974.8840882657150     6.44     8.92          2      0.40344  211656.739260   76616.739260
  258   258    2266730  76476.455621  57974.8851441622780     8.05    11.20          3      0.40564  211827.961475   76707.961475
  259   259    2267665  76508.001207  57974.8855092732290     6.89     8.96          2      0.40333  211859.504555   76739.504555
  260   260    2269327  76564.075167  57974.8861582774020    18.50    21.75          2      0.41172  211955.574059   76795.574060
  261   261    2269562  76572.003497  57974.8862500404740    10.10    10.63          2      0.40406  212003.501759   76803.501760
  262   262    2270861  76615.829918  57974.8867572907140     7.09    10.32          2      0.40047  212047.324699   76847.324700
  263   263    2272319  76665.021226  57974.8873266345600     7.94     9.70          2      0.40983  212136.512100   76896.512100
  264   264    2274230  76729.495613  57974.8880728658940    28.47    31.95          2      0.40294  212240.981364   76960.981365
  265   265    2276386  76802.236411  57974.8889147732740     8.55    15.45          3      0.40914  212353.716385   77033.716385
  266   266    2279094  76893.600728  57974.8899722306430    10.34    19.42          3      0.40847  212525.073445   77125.073445
  267   267    2286175  77132.504051  57974.8927373154050     8.25     8.25          1      0.40089  212923.957794   77363.957795
  268   268    2287015  77160.844701  57974.8930653321860     8.03    10.85          2      0.40567  212952.296195   77392.296195
  269   269    2287453  77175.622415  57974.8932363705470     6.06     6.06          1      0.41078  213007.072734   77407.072735
  270   270    2288473  77210.035527  57974.8936346704510     6.98    11.11          3      0.40075  213041.483114   77441.483115
  271   271    2292822  77356.765247  57974.8953329310980    15.63    15.63          1      0.40694  213308.201184   77588.201185
  272   272    2293101  77366.178115  57974.8954418763260     7.93     7.93          1      0.40031  213317.613305   77597.613305
  273   273    2296093  77467.124094  57974.8966102325760     7.94     8.97          2      0.39617  213458.551269   77698.551270
  274   274    2296762  77489.695566  57974.8968714764540     8.45    14.38          3      0.40494  213521.120949   77721.120950
  275   275    2299648  77587.065340  57974.8979984414340     8.35    11.77          3      0.40328  213658.482994   77818.482995
  276   276    2299802  77592.261073  57974.8980585772420    20.06    21.60          2      0.40256  213703.678314   77823.678315
  277   277    2301355  77644.657302  57974.8986650150660     5.74     5.74          1      0.40439  213756.070384   77876.070385
  278   278    2301609  77653.226932  57974.8987642006020     9.02    10.35          2      0.40458  213804.639334   77884.639335
  279   279    2301804  77659.806194  57974.8988403494660     7.76     9.96          2      0.41111  213811.218074   77891.218075
  280   280    2303996  77733.760944  57974.8996963072260     5.85     7.14          2      0.39828  213925.166954   77965.166955
  281   281    2307153  77840.274182  57974.9009290993280     5.82     5.82          1      0.40531  214111.671740   78071.671740
  282   282    2307659  77857.345697  57974.9011266863100     6.99     9.01          2      0.39769  214128.741899   78088.741900
  283   283    2307918  77866.084261  57974.9012278270980     5.76     5.76          1      0.40497  214137.479770   78097.479770
  284   284    2308621  77889.802693  57974.9015023459840     9.50    14.23          3      0.40917  214201.196320   78121.196320
  285   285    2311197  77976.713515  57974.9025082582780    12.88    18.33          3      0.40861  214328.100244   78208.100245
  286   286    2311210  77977.152090  57974.9025133343740     6.87    20.50          5      0.40778  214328.538784   78208.538785
  287   287    2314715  78095.406333  57974.9038820177410    11.31    12.20          2      0.41300  214526.783645   78326.783645
  288   288    2315046  78106.573569  57974.9040112681600    26.14    29.94          2      0.40511  214537.949995   78337.949995
  289   289    2316214  78145.980341  57974.9044673650560     6.63     6.63          1      0.40511  214617.353640   78377.353640
  290   290    2322314  78351.786388  57974.9068493794940     8.54    10.95          2      0.40836  214943.143360   78583.143360
  291   291    2322355  78353.169343  57974.9068653859200     6.05     6.88          2      0.39839  214944.526205   78584.526205
  292   292    2322549  78359.714842  57974.9069411440130    21.76    24.25          2      0.40417  214951.071184   78591.071185
  293   293    2323498  78391.732887  57974.9073117232260     9.26    14.84          3      0.40550  215023.086689   78623.086690
  294   294    2323503  78391.901655  57974.9073136765700    16.11    19.16          2      0.40756  215023.255445   78623.255445
  295   295    2323936  78406.510479  57974.9074827601660    33.06    47.61          5      0.40700  215037.863110   78637.863110
  296   296    2324616  78429.452964  57974.9077482982020    30.30    33.68          2      0.41228  215100.803774   78660.803775
  297   297    2327832  78537.956280  57974.9090041236100    42.70    63.23          4      0.40417  215249.298485   78769.298485
  298   298    2328385  78556.613825  57974.9092200674180     8.71    13.82          3      0.40597  215307.954549   78787.954550
  299   299    2328579  78563.159129  57974.9092958232450    12.06    17.12          3      0.40583  215314.499335   78794.499335
  300   300    2328603  78563.968728  57974.9093051936130     7.93    13.33          3      0.40217  215315.308869   78795.308870
  301   301    2329735  78602.160732  57974.9097472306940     6.86    11.23          3      0.39667  215353.497845   78833.497845
  302   302    2330008  78611.371618  57974.9098538381700     8.73     9.34          2      0.40353  215402.707999   78842.708000
  303   303    2331071  78647.235957  57974.9102689346940    76.93    88.96          3      0.40706  215438.569495   78878.569495
  304   304    2331148  78649.833683  57974.9102990009600    64.82    76.67          3      0.40253  215441.167014   78881.167015
  305   305    2333234  78720.212745  57974.9111135734400    32.02    35.02          2      0.40781  215551.540494   78951.540495
  306   306    2335562  78798.756438  57974.9120226439550     9.11     9.11          1      0.40944  215710.077959   79030.077960
  307   307    2336768  78839.445004  57974.9124935764350     6.14     7.12          2      0.40114  215750.763300   79070.763300
  308   308    2337469  78863.095950  57974.9127673142400    22.61    29.91          3      0.40506  215814.412370   79094.412370
  309   309    2342238  79023.995437  57974.9146295768190     5.57     6.55          2      0.39700  220055.299100   79255.299100
  310   310    2342691  79039.279269  57974.9148064730240    10.13    11.09          2      0.40322  220110.581720   79270.581720
  311   311    2348525  79236.110732  57974.9170846149630    43.57    46.87          2      0.40356  220427.397580   79467.397580
  312   312    2348582  79238.033934  57974.9171068742400     6.31     6.76          2      0.40647  220429.320630   79469.320630
  313   313    2353065  79389.284193  57974.9188574559360    10.88    13.44          2      0.39936  220700.558900   79620.558900
  314   314    2353524  79404.770340  57974.9190366937470     5.74     7.95          2      0.40214  220716.043820   79636.043820
  315   315    2355971  79487.328788  57974.9199922313470     7.46     9.50          3      0.39906  220838.595725   79718.595725
  316   316    2358005  79555.953631  57974.9207865003520    51.37    60.92          4      0.41017  220947.215129   79787.215130
  317   317    2358746  79580.953857  57974.9210758548350    63.09    70.49          3      0.40603  221012.213375   79812.213375
  318   318    2359723  79613.916569  57974.9214573676930    10.27    10.27          1      0.40669  221045.173475   79845.173475
  319   319    2360080  79625.961014  57974.9215967709950     5.58     5.58          1      0.39886  221057.216964   79857.216965
  320   320    2362271  79699.882756  57974.9224523467140    16.01    20.96          3      0.40781  221211.132849   79931.132850
  321   321    2365504  79808.959773  57974.9237148121860     5.62     5.62          1      0.40372  221400.201224   80040.201225
  322   322    2368760  79918.812831  57974.9249862596220     7.43     8.00          2      0.40147  221550.045580   80150.045580
  323   323    2369344  79938.516411  57974.9252143103100    45.87    56.52          3      0.40717  221609.747600   80169.747600
  324   324    2369487  79943.340809  57974.9252701482500    23.73    24.46          2      0.40008  221614.571614   80174.571615
  325   325    2372134  80032.647483  57974.9263037903100     6.55     8.22          2      0.41167  221743.871215   80263.871215
  326   326    2374586  80115.374470  57974.9272612785920    17.29    21.25          3      0.40431  221906.591650   80346.591650
  327   327    2374684  80118.680912  57974.9272995475970     6.87     6.87          1      0.40583  221909.897830   80349.897830
  328   328    2374894  80125.765913  57974.9273815499140     5.64     6.47          2      0.40222  221916.982269   80356.982270
  329   329    2377217  80204.140736  57974.9282886659330    10.33    12.65          2      0.39822  222035.350885   80435.350885
  330   330    2377693  80220.200498  57974.9284745427970     6.24     9.58          2      0.40269  222051.409375   80451.409375
  331   331    2380391  80311.227551  57974.9295280966530     7.77    13.19          3      0.40572  222222.429220   80542.429220
  332   332    2380631  80319.324588  57974.9296218123650     6.00     7.81          2      0.39825  222230.525615   80550.525615
  333   333    2382088  80368.482045  57974.9301907644160    12.88    16.62          2      0.40439  222319.679180   80599.679180
  334   334    2384858  80461.938080  57974.9312724314750    10.21    13.57          3      0.40108  222453.127814   80693.127815
  335   335    2387974  80567.067794  57974.9324892105860     7.11    16.18          6      0.40075  222638.249205   80798.249205
  336   336    2388011  80568.316328  57974.9325036612100     6.89     6.89          1      0.40692  222639.497640   80799.497640
  337   337    2389581  80621.285876  57974.9331167346820     8.99     8.99          1      0.40147  222732.462994   80852.462995
  338   338    2389957  80633.971666  57974.9332635609470    19.19    19.57          2      0.40300  222745.147779   80865.147780
  339   339    2390158  80640.753282  57974.9333420518780     7.76    13.29          3      0.40719  222751.928859   80871.928860
  340   340    2393129  80740.990767  57974.9345022079490     5.70     7.73          2      0.40331  222932.158410   80972.158410
  341   341    2396272  80847.031456  57974.9357295307390    12.32    16.47          2      0.40372  223118.190705   81078.190705
  342   342    2397352  80883.469390  57974.9361512660860     7.13     7.13          1      0.40844  223154.625755   81114.625755
  343   343    2401585  81026.285108  57974.9378042257920     9.48    10.71          2      0.40528  223417.430170   81257.430170
  344   344    2403378  81086.778645  57974.9385043824640     7.59     7.59          1      0.40781  223517.918919   81317.918920
  345   345    2412049  81379.326503  57974.9418903530500    29.80    33.46          2      0.40086  224010.443629   81610.443630
  346   346    2412590  81397.579267  57974.9421016118910    12.15    16.64          2      0.40494  224028.694950   81628.694950
  347   347    2413295  81421.365093  57974.9423769107970     5.77     7.96          2      0.40650  224052.478894   81652.478895
  348   348    2415250  81487.323966  57974.9431403236860    26.96    29.31          2      0.39936  224158.432549   81718.432550
  349   349    2416490  81529.160021  57974.9436245372800     5.61     7.37          2      0.40192  224240.265295   81760.265295
  350   350    2417431  81560.908142  57974.9439919923840    13.41    17.24          2      0.40261  224312.010905   81792.010905
  351   351    2418033  81581.218783  57974.9442270692480    13.60    22.89          3      0.40147  224332.319940   81812.319940
  352   352    2418273  81589.316279  57974.9443207902720     7.10    11.47          3      0.40761  224340.416794   81820.416795
  353   353    2418983  81613.270609  57974.9445980394620    10.80    14.85          3      0.40383  224404.369229   81844.369230
  354   354    2423486  81765.196089  57974.9463564362110    16.56    18.37          2      0.40975  224636.282695   81996.282695
  355   355    2423921  81779.872280  57974.9465262995330     5.91     5.91          1      0.40575  224650.957725   82010.957725
  356   356    2424773  81808.617763  57974.9468590018820     6.39     6.81          2      0.40956  224719.700935   82039.700935
  357   357    2425193  81822.787924  57974.9470230083840    27.89    32.09          2      0.40703  224733.869974   82053.869975
  358   358    2429262  81960.070644  57974.9486119287420    30.21    36.00          3      0.40814  224951.141839   82191.141840
  359   359    2429383  81964.152917  57974.9486591772800    10.34    15.83          3      0.40494  224955.223790   82195.223790
  360   360    2430672  82007.641886  57974.9491625218300     8.47    23.50          5      0.39933  225038.709319   82238.709320
  361   361    2430996  82018.573345  57974.9492890433410    76.26    83.60          2      0.40294  225049.639915   82249.639915
  362   362    2431445  82033.721953  57974.9494643744510     5.88     8.41          2      0.40117  225104.787324   82264.787325
  363   363    2434186  82126.199624  57974.9505347178750     8.81    10.66          2      0.39967  225237.257685   82357.257685
  364   364    2434221  82127.380693  57974.9505483876480     5.61     5.61          1      0.40619  225238.438659   82358.438660
  365   365    2437002  82221.208060  57974.9516343525500     8.45    10.63          2      0.40911  225412.258610   82452.258610
  366   366    2437150  82226.201330  57974.9516921450240     7.65     9.81          2      0.40731  225417.251485   82457.251485
  367   367    2437670  82243.745367  57974.9518952009980    24.70    28.58          2      0.40503  225434.794135   82474.794135
  368   368    2438591  82274.818718  57974.9522548462720     7.42    13.95          4      0.40600  225505.865030   82505.865030
  369   369    2439477  82304.711066  57974.9526008225280    15.62    25.10          4      0.40219  225535.755015   82535.755015
  370   370    2442848  82418.444191  57974.9539171781380     9.40     9.40          1      0.40336  225729.479149   82649.479150
  371   371    2443346  82435.246193  57974.9541116457600     6.58     8.30          2      0.40736  225746.279825   82666.279825
  372   372    2444324  82468.242366  57974.9544935459070    17.04    18.16          2      0.39992  225819.273390   82699.273390
  373   373    2445026  82491.926893  57974.9547676723710     7.32     9.43          2      0.39897  225842.956044   82722.956045
  374   374    2447765  82584.337191  57974.9558372360060    12.13    12.13          1      0.40069  230015.359039   82815.359040
  375   375    2448130  82596.651904  57974.9559797674110   114.49   132.16          3      0.40350  230027.672779   82827.672780
  376   376    2448356  82604.276777  57974.9560680182530     6.80     7.39          2      0.40147  230035.297049   82835.297050
  377   377    2448994  82625.801973  57974.9563171524610    23.98    30.02          3      0.39886  230056.820544   82856.820545
  378   378    2449303  82636.227272  57974.9564378156540    13.43    15.60          2      0.40042  230107.245020   82867.245020
  379   379    2449655  82648.103345  57974.9565752701950    13.90    18.74          3      0.40197  230119.120154   82879.120155
  380   380    2450019  82660.384150  57974.9567174091390     8.41    14.00          3      0.39994  230131.399990   82891.399990
  381   381    2452272  82736.397507  57974.9575971933700    10.38    14.40          3      0.40319  230247.407340   82967.407340
  382   382    2452496  82743.955074  57974.9576846652030    32.47    44.32          4      0.40622  230254.964309   82974.964310
  383   383    2455281  82837.917703  57974.9587721956350     5.89     7.20          2      0.41806  230428.919515   83068.919515
  384   384    2457221  82903.370219  57974.9595297479040    11.74    12.06          2      0.40269  230534.366859   83134.366860
  385   385    2457533  82913.896680  57974.9596515819390    10.87    15.49          3      0.40247  230544.892489   83144.892490
  386   386    2459364  82975.672271  57974.9603665772030     7.34    11.20          3      0.40444  230646.663199   83206.663200
  387   387    2461081  83033.601552  57974.9610370550020    20.27    22.62          2      0.40331  230744.587904   83264.587905
  388   388    2461220  83038.291117  57974.9610913323650    45.49    87.24          4      0.40017  230749.277100   83269.277100
  389   389    2461731  83055.531759  57974.9612908768380    11.04    14.36          2      0.40539  230806.516380   83286.516380
  390   390    2462622  83085.592708  57974.9616388044930     8.70    12.82          3      0.39886  230836.574955   83316.574955
  391   391    2464139  83136.774606  57974.9622311875710     5.59     9.00          2      0.40850  230927.752810   83367.752810
  392   392    2468600  83287.282833  57974.9639731809410    33.74    36.54          2      0.40769  231158.249150   83518.249150
  393   393    2468855  83295.886102  57974.9640727558020    79.60    88.01          3      0.40492  231206.851739   83526.851740
  394   394    2469122  83304.894334  57974.9641770177540    21.66    29.75          4      0.40503  231215.859259   83535.859260
  395   395    2470147  83339.476275  57974.9645772717060     6.16     6.85          2      0.39889  231250.438469   83570.438470
  396   396    2471165  83373.822342  57974.9649747956220     9.41    11.62          2      0.40142  231324.781824   83604.781825
  397   397    2471695  83391.704054  57974.9651817598850    24.37    29.45          3      0.40769  231342.662125   83622.662125
  398   398    2474341  83480.976568  57974.9662150065660    13.35    14.57          2      0.40681  231511.927590   83711.927590
  399   399    2474905  83500.005181  57974.9664352451460    24.47    26.91          2      0.40672  231530.954700   83730.954700
  400   400    2474946  83501.388525  57974.9664512560770    10.99    13.30          2      0.40828  231532.337935   83732.337935
  401   401    2479111  83641.909989  57974.9680776619010    13.04    15.15          2      0.40411  231752.848305   83872.848305
  402   402    2480308  83682.294948  57974.9685450804220     6.61     6.61          1      0.39694  231833.230074   83913.230075
  403   403    2483164  83778.652719  57974.9696603324030    16.51    33.54          5      0.40006  232009.580239   84009.580240
  404   404    2486052  83876.090020  57974.9707880789380    15.09    15.09          1      0.39978  232147.009850   84107.009850
  405   405    2489866  84004.769351  57974.9722774230530     7.11     8.88          2      0.39969  232355.679025   84235.679025
  406   406    2489970  84008.278573  57974.9723180390400   120.11   142.62          4      0.41169  232359.187969   84239.187970
  407   407    2491340  84054.500236  57974.9728530119940     5.61     7.69          2      0.40175  232445.405985   84285.405985
  408   408    2498166  84284.800469  57974.9755185239420     6.19     6.19          1      0.40164  232835.688045   84515.688045
  409   409    2498403  84292.796704  57974.9756110729600    13.80    14.63          2      0.40681  232843.683650   84523.683650
  410   410    2498414  84293.167844  57974.9756153685630     7.65     7.65          1      0.40722  232844.054759   84524.054760
  411   411    2498593  84299.207025  57974.9756852664960    21.11    35.23          4      0.40581  232850.093464   84530.093465
  412   412    2500400  84360.172760  57974.9763908884220    10.05    13.11          2      0.40414  232951.054390   84591.054390
  413   413    2504040  84482.981539  57974.9778122863230     6.75     9.45          2      0.40353  233153.853480   84713.853480
  414   414    2504492  84498.231492  57974.9779887904130    30.20    38.77          3      0.40558  233209.102230   84729.102230
  415   415    2505101  84518.778142  57974.9782265988740     7.10     9.94          2      0.39947  233229.647259   84749.647260
  416   416    2505384  84528.326186  57974.9783371086340     6.79     6.79          1      0.39936  233239.194550   84759.194550
  417   417    2505458  84530.823003  57974.9783660069760    29.12    32.92          2      0.40394  233241.691170   84761.691170
  418   418    2509744  84675.426868  57974.9800396628220     8.18    10.96          3      0.40036  233506.283630   84906.283630
  419   419    2514598  84839.194539  57974.9819351219710     6.08     6.08          1      0.40353  233750.038385   85070.038385
  420   420    2516022  84887.238218  57974.9824911830780     9.06     9.06          1      0.39750  233838.078275   85118.078275
  421   421    2517056  84922.124404  57974.9828949583870     6.59     8.00          2      0.40919  233912.961710   85152.961710
  422   422    2517425  84934.573835  57974.9830390490110     8.66    14.00          3      0.40500  233925.410159   85165.410160
  423   423    2518080  84956.672588  57974.9832948216190     5.83     8.37          2      0.40253  233947.507169   85187.507170
  424   424    2519796  85014.568208  57974.9839649098110    10.00    13.52          2      0.40364  234045.398224   85245.398225
  425   425    2520118  85025.432019  57974.9840906483710    19.42    23.18          3      0.40250  234056.261180   85256.261180
  426   426    2520690  85044.730651  57974.9843140121730    20.34    27.77          3      0.40564  234115.558290   85275.558290
  427   427    2521242  85063.354439  57974.9845295652610     6.79     9.43          2      0.40672  234134.180609   85294.180610
  428   428    2521295  85065.142445  57974.9845502597760     6.92    16.25          4      0.40228  234135.968475   85295.968475
  429   429    2522045  85090.446520  57974.9848431310210    13.27    18.07          3      0.40419  234201.270554   85321.270555
  430   430    2522205  85095.844846  57974.9849056116480    10.32    10.32          1      0.40825  234206.668455   85326.668455
  431   431    2522430  85103.436035  57974.9849934726270     8.24    10.49          2      0.40781  234214.259044   85334.259045
  432   432    2523000  85122.666861  57974.9852160516350     7.70     7.70          1      0.40122  234233.488354   85353.488355
  433   433    2524828  85184.341243  57974.9859298754940     8.91     8.91          1      0.40336  234335.157875   85415.157875
  434   434    2525079  85192.809856  57974.9860278918530     9.07     9.07          1      0.40956  234343.625820   85423.625820
  435   435    2525877  85219.733308  57974.9863395058820    13.56    13.56          1      0.40911  234410.547149   85450.547150
  436   436    2526632  85245.205971  57974.9866343283580    17.08    24.59          4      0.40772  234436.017804   85476.017805
  437   437    2528086  85294.261923  57974.9872021055870     5.54     6.58          2      0.40519  234525.069889   85525.069890
  438   438    2528841  85319.734536  57974.9874969275010    10.22    13.41          3      0.40233  234550.540494   85550.540495
  439   439    2529336  85336.435187  57974.9876902220670    13.09    14.17          2      0.40261  234607.239830   85567.239830
  440   440    2529756  85350.605629  57974.9878542318210    11.98    16.64          4      0.40825  234621.409155   85581.409155
  441   441    2532624  85447.368161  57974.9889741685380     5.75     9.55          3      0.40822  234758.164059   85678.164060
  442   442    2533598  85480.229576  57974.9893545089790    23.47    24.46          2      0.40625  234831.022884   85711.022885
  443   443    2533902  85490.486129  57974.9894732190850    13.22    13.22          1      0.40625  234841.278630   85721.278630
  444   444    2534931  85525.203125  57974.9898750361730    15.72    25.54          5      0.40308  234915.992889   85755.992890
  445   445    2536949  85593.287701  57974.9906630520960     5.59     5.59          1      0.40058  235024.072100   85824.072100
  446   446    2537341  85606.513438  57974.9908161277570    22.05    33.35          3      0.40558  235037.296795   85837.296795
  447   447    2537566  85614.104707  57974.9909039896700    18.38    19.87          2      0.40753  235044.887465   85844.887465
  448   448    2538764  85654.523337  57974.9913717978880     9.57     9.57          1      0.39847  235125.302909   85885.302910
  449   449    2540092  85699.328632  57974.9918903776900     5.64     5.72          2      0.40800  235210.104674   85930.104675
  450   450    2540432  85710.799771  57974.9920231454980     7.15    11.36          3      0.40778  235221.574909   85941.574910
  451   451    2540865  85725.408337  57974.9921922261250     5.54     7.73          2      0.39922  235236.182325   85956.182325
  452   452    2542939  85795.382316  57974.9930021101440    11.49    14.41          2      0.39800  235346.150789   86026.150790
  453   453    2543141  85802.197678  57974.9930809916420     7.84    14.24          3      0.40222  235352.965614   86032.965615
  454   454    2545203  85871.766914  57974.9938861911300    28.49    32.46          3      0.40461  235502.529370   86102.529370
  455   455    2546916  85929.561272  57974.9945551073150     6.09    10.34          3      0.40433  235600.319174   86160.319175
  456   456    2547491  85948.960970  57974.9947796408580     6.04     7.80          2      0.40306  235619.717344   86179.717345
  457   457    2550083  86036.411885  57974.9957918042240    27.05    28.75          2      0.41067  235747.161370   86267.161370
  458   458    2550349  86045.386111  57974.9958956725760     7.22     9.26          2      0.40289  235756.134890   86276.134890
  459   459    2551253  86075.885959  57974.9962486800770    73.36    78.98          3      0.40508  235826.632335   86306.632335
  460   460    2551849  86095.994373  57974.9964814163580    58.31    75.22          5      0.40981  235846.739165   86326.739165
  461   461    2552983  86134.253712  57974.9969242327810     8.62     8.62          1      0.40028  235924.995490   86364.995490
